1,812,127.54,149.11,61.74,185.32,1,-1,-1,-1
1,811,11.30,148.80,79.17,197.67,1,-1,-1,-1
2,812,129.20,154.66,61.81,179.66,1,-1,-1,-1
2,811,18.34,156.60,74.80,191.62,1,-1,-1,-1
3,813,252.73,206.10,31.03,51.17,1,-1,-1,-1
3,812,124.68,145.88,77.29,184.43,1,-1,-1,-1
3,811,20.33,158.08,74.86,182.83,1,-1,-1,-1
4,812,127.07,151.92,77.06,186.84,1,-1,-1,-1
4,811,22.46,154.71,75.04,190.18,1,-1,-1,-1
5,812,139.41,159.39,71.75,189.83,1,-1,-1,-1
5,811,29.21,158.29,74.59,196.24,1,-1,-1,-1
6,812,152.83,154.90,66.90,189.78,1,-1,-1,-1
6,811,34.31,155.75,71.32,195.40,1,-1,-1,-1
7,812,154.21,153.54,68.67,187.56,1,-1,-1,-1
7,811,39.29,152.55,71.88,199.38,1,-1,-1,-1
8,814,237.20,203.42,22.42,60.03,1,-1,-1,-1
8,812,162.00,156.72,66.97,188.86,1,-1,-1,-1
8,811,41.55,149.04,74.89,204.49,1,-1,-1,-1
9,816,291.68,200.19,25.31,61.22,1,-1,-1,-1
9,813,385.05,196.91,34.50,54.90,1,-1,-1,-1
9,812,163.00,152.30,70.88,196.06,1,-1,-1,-1
9,811,43.25,144.92,75.04,202.47,1,-1,-1,-1
10,816,298.52,202.62,25.44,60.93,1,-1,-1,-1
10,812,170.92,151.10,72.53,199.35,1,-1,-1,-1
10,811,53.46,153.14,73.29,203.70,1,-1,-1,-1
11,816,303.93,202.04,24.98,60.99,1,-1,-1,-1
11,812,172.87,145.68,81.04,207.03,1,-1,-1,-1
11,811,61.54,148.77,73.93,204.28,1,-1,-1,-1
12,818,269.63,201.47,23.22,67.29,1,-1,-1,-1
12,816,306.94,203.60,23.99,59.52,1,-1,-1,-1
12,812,178.71,143.57,87.23,216.50,1,-1,-1,-1
12,811,63.58,147.09,76.80,209.21,1,-1,-1,-1
13,818,276.46,204.78,24.82,67.00,1,-1,-1,-1
13,816,316.34,208.50,24.15,58.02,1,-1,-1,-1
13,812,183.41,144.28,86.10,216.87,1,-1,-1,-1
13,811,72.22,151.20,76.31,209.53,1,-1,-1,-1
14,818,282.84,197.95,24.66,70.38,1,-1,-1,-1
14,816,318.68,204.73,23.70,60.84,1,-1,-1,-1
14,812,200.52,144.37,82.84,220.17,1,-1,-1,-1
14,811,81.12,153.70,75.67,209.73,1,-1,-1,-1
15,820,342.49,203.24,28.75,62.25,1,-1,-1,-1
15,816,329.09,204.00,22.64,60.15,1,-1,-1,-1
15,812,208.07,149.55,85.36,220.80,1,-1,-1,-1
15,811,88.98,147.70,80.89,217.79,1,-1,-1,-1
16,820,349.14,200.62,29.21,64.88,1,-1,-1,-1
16,816,333.43,200.57,22.70,60.86,1,-1,-1,-1
16,812,216.14,139.33,84.62,227.13,1,-1,-1,-1
16,811,87.65,144.07,83.34,222.83,1,-1,-1,-1
17,812,216.74,140.65,85.81,228.61,1,-1,-1,-1
17,811,84.61,137.97,86.99,227.53,1,-1,-1,-1
18,812,219.06,137.69,90.45,237.12,1,-1,-1,-1
18,811,87.79,136.93,92.32,232.36,1,-1,-1,-1
19,812,220.96,135.53,90.50,242.15,1,-1,-1,-1
19,811,83.19,131.49,93.30,235.20,1,-1,-1,-1
20,812,217.45,136.06,94.77,243.70,1,-1,-1,-1
20,811,81.43,129.09,96.80,242.71,1,-1,-1,-1
21,826,2.11,141.11,31.05,85.31,1,-1,-1,-1
21,812,217.23,129.73,99.85,249.98,1,-1,-1,-1
21,811,72.33,122.15,98.98,251.32,1,-1,-1,-1
22,826,1.06,138.80,31.60,85.96,1,-1,-1,-1
22,812,217.88,123.56,98.80,254.09,1,-1,-1,-1
22,811,67.50,114.93,102.21,262.21,1,-1,-1,-1
23,826,-0.87,148.94,32.91,98.01,1,-1,-1,-1
23,812,220.37,120.38,104.97,264.34,1,-1,-1,-1
23,811,66.81,116.41,105.91,268.90,1,-1,-1,-1
24,812,220.27,116.11,109.43,268.76,1,-1,-1,-1
24,811,62.80,118.85,108.09,267.74,1,-1,-1,-1
25,829,-0.94,163.70,40.92,168.61,1,-1,-1,-1
25,812,220.60,112.81,116.46,282.00,1,-1,-1,-1
25,811,60.48,118.75,114.99,276.64,1,-1,-1,-1
26,829,-1.58,153.03,43.41,188.59,1,-1,-1,-1
26,812,218.90,118.08,120.52,286.96,1,-1,-1,-1
26,811,57.77,117.78,116.09,282.56,1,-1,-1,-1
27,829,-2.40,165.20,39.57,174.84,1,-1,-1,-1
27,812,220.43,112.41,123.59,298.17,1,-1,-1,-1
27,811,57.03,115.65,117.36,289.18,1,-1,-1,-1
28,829,-1.23,159.30,40.65,180.07,1,-1,-1,-1
28,812,228.02,115.04,125.16,300.94,1,-1,-1,-1
28,811,54.21,114.31,125.08,294.24,1,-1,-1,-1
29,829,-0.38,172.18,40.95,167.21,1,-1,-1,-1
29,812,225.80,108.97,127.27,310.57,1,-1,-1,-1
29,811,55.68,103.17,127.68,305.85,1,-1,-1,-1
30,829,-0.21,171.82,41.26,163.71,1,-1,-1,-1
30,812,224.57,106.97,130.87,317.29,1,-1,-1,-1
30,811,50.68,101.57,134.20,313.66,1,-1,-1,-1
31,829,-1.36,180.98,38.80,154.80,1,-1,-1,-1
31,812,226.95,103.80,131.11,325.25,1,-1,-1,-1
31,811,46.40,90.50,140.25,316.85,1,-1,-1,-1
32,832,146.61,92.13,39.50,91.03,1,-1,-1,-1
32,812,237.97,97.35,132.19,332.70,1,-1,-1,-1
32,811,47.96,87.68,143.40,329.05,1,-1,-1,-1
33,832,149.02,86.88,43.92,95.21,1,-1,-1,-1
33,812,243.08,90.46,135.64,341.81,1,-1,-1,-1
33,811,51.93,82.51,144.75,341.59,1,-1,-1,-1
34,832,154.22,83.27,51.93,117.33,1,-1,-1,-1
34,812,253.23,90.34,131.66,350.38,1,-1,-1,-1
34,811,56.63,77.10,142.24,349.42,1,-1,-1,-1
35,833,431.01,191.85,28.80,76.69,1,-1,-1,-1
35,832,156.83,90.26,61.54,148.29,1,-1,-1,-1
35,812,265.09,83.96,133.35,360.15,1,-1,-1,-1
35,811,64.65,80.08,146.87,358.83,1,-1,-1,-1
36,836,388.62,165.67,27.86,99.65,1,-1,-1,-1
36,834,3.13,121.54,43.72,141.40,1,-1,-1,-1
36,833,434.01,190.53,26.04,74.83,1,-1,-1,-1
36,812,274.73,81.93,138.54,367.46,1,-1,-1,-1
36,811,73.87,75.87,146.26,365.59,1,-1,-1,-1
37,836,392.33,160.46,31.94,113.15,1,-1,-1,-1
37,834,6.03,124.94,47.44,159.20,1,-1,-1,-1
37,812,282.76,77.23,142.07,376.62,1,-1,-1,-1
37,811,77.95,67.44,148.34,378.30,1,-1,-1,-1
38,838,427.20,176.37,29.76,94.93,1,-1,-1,-1
38,836,395.47,153.25,36.74,124.62,1,-1,-1,-1
38,834,6.31,118.36,48.66,156.30,1,-1,-1,-1
38,812,289.34,71.03,145.03,390.66,1,-1,-1,-1
38,811,75.52,57.83,151.03,389.71,1,-1,-1,-1
39,840,184.21,75.81,51.84,123.07,1,-1,-1,-1
39,839,458.10,190.22,28.38,78.08,1,-1,-1,-1
39,838,423.87,171.55,36.67,103.02,1,-1,-1,-1
39,836,398.47,154.98,37.66,131.62,1,-1,-1,-1
39,834,4.80,115.39,49.98,152.79,1,-1,-1,-1
39,812,295.81,68.52,149.70,396.30,1,-1,-1,-1
39,811,73.12,46.05,152.19,403.06,1,-1,-1,-1
40,840,182.12,70.69,57.75,143.13,1,-1,-1,-1
40,839,464.87,185.11,31.02,84.37,1,-1,-1,-1
40,838,433.76,173.62,35.33,98.59,1,-1,-1,-1
40,836,407.67,154.17,37.92,132.52,1,-1,-1,-1
40,834,3.50,116.07,51.92,157.27,1,-1,-1,-1
40,812,294.42,62.90,156.89,408.29,1,-1,-1,-1
40,811,75.69,50.12,156.21,411.04,1,-1,-1,-1
41,840,178.78,65.64,61.57,157.45,1,-1,-1,-1
41,838,430.74,168.22,38.30,101.27,1,-1,-1,-1
41,834,2.01,115.69,55.25,164.16,1,-1,-1,-1
41,812,293.85,62.70,161.34,414.07,1,-1,-1,-1
41,811,70.17,41.57,158.70,424.35,1,-1,-1,-1
42,834,-0.47,108.65,53.84,161.59,1,-1,-1,-1
42,812,293.41,58.05,158.46,419.73,1,-1,-1,-1
42,811,62.33,41.84,166.07,429.57,1,-1,-1,-1
43,834,-2.38,98.80,50.20,151.47,1,-1,-1,-1
43,812,296.23,54.45,160.28,424.72,1,-1,-1,-1
43,811,54.73,26.35,170.50,440.06,1,-1,-1,-1
44,834,-2.32,101.74,47.12,145.55,1,-1,-1,-1
44,812,292.47,50.94,162.07,429.05,1,-1,-1,-1
44,811,49.12,31.12,176.95,436.85,1,-1,-1,-1
45,834,-2.36,99.39,44.90,144.38,1,-1,-1,-1
45,812,296.00,44.51,166.36,434.14,1,-1,-1,-1
45,811,42.56,32.58,184.64,436.61,1,-1,-1,-1
46,834,-1.84,97.38,40.77,139.85,1,-1,-1,-1
46,812,290.32,40.21,171.25,436.47,1,-1,-1,-1
46,811,35.51,28.53,191.77,440.48,1,-1,-1,-1
47,834,-0.22,98.45,39.33,137.71,1,-1,-1,-1
47,812,289.58,25.34,169.58,447.74,1,-1,-1,-1
47,811,32.33,24.25,202.58,444.89,1,-1,-1,-1
48,834,0.46,97.02,36.86,136.21,1,-1,-1,-1
48,812,294.96,29.80,170.35,449.26,1,-1,-1,-1
48,811,28.64,16.77,209.19,450.82,1,-1,-1,-1
49,834,1.08,96.19,34.98,129.72,1,-1,-1,-1
49,812,300.54,29.22,172.81,451.61,1,-1,-1,-1
49,811,26.58,14.17,214.42,453.49,1,-1,-1,-1
50,834,1.52,97.59,34.48,128.88,1,-1,-1,-1
50,812,303.53,16.68,173.67,460.27,1,-1,-1,-1
50,811,17.98,11.91,217.37,459.28,1,-1,-1,-1
51,834,5.00,92.49,35.97,126.49,1,-1,-1,-1
51,812,301.46,19.66,172.84,461.07,1,-1,-1,-1
51,811,12.11,11.65,219.60,460.82,1,-1,-1,-1
52,834,4.17,91.80,36.28,124.04,1,-1,-1,-1
52,812,300.80,16.41,175.78,464.30,1,-1,-1,-1
52,811,15.23,4.85,222.05,467.68,1,-1,-1,-1
53,834,3.32,88.54,38.32,120.23,1,-1,-1,-1
53,812,310.47,15.68,171.73,465.75,1,-1,-1,-1
53,811,13.43,1.70,224.13,473.44,1,-1,-1,-1
54,834,0.67,93.47,37.07,123.02,1,-1,-1,-1
54,812,317.37,11.82,171.26,468.85,1,-1,-1,-1
54,811,16.07,-1.83,224.09,475.37,1,-1,-1,-1
55,834,-0.37,92.77,36.25,126.05,1,-1,-1,-1
55,812,316.37,7.57,176.61,471.77,1,-1,-1,-1
55,811,19.15,-3.43,225.32,476.83,1,-1,-1,-1
56,834,0.86,90.09,37.48,123.51,1,-1,-1,-1
56,812,316.86,7.25,178.34,472.16,1,-1,-1,-1
56,811,12.36,-2.32,227.25,476.78,1,-1,-1,-1
57,834,-0.46,88.12,36.37,126.10,1,-1,-1,-1
57,812,316.37,1.96,182.14,477.02,1,-1,-1,-1
57,811,11.72,1.56,233.50,477.17,1,-1,-1,-1
58,834,-0.32,87.12,36.13,125.51,1,-1,-1,-1
58,812,316.36,-0.72,183.01,480.29,1,-1,-1,-1
58,811,9.28,2.30,238.80,478.14,1,-1,-1,-1
59,834,-0.44,87.52,35.70,127.20,1,-1,-1,-1
59,812,320.30,6.68,194.97,477.07,1,-1,-1,-1
59,811,12.86,4.93,231.84,475.45,1,-1,-1,-1
60,834,-1.00,86.58,34.39,127.04,1,-1,-1,-1
60,812,325.77,13.35,187.71,473.17,1,-1,-1,-1
60,811,18.90,10.46,229.76,463.13,1,-1,-1,-1
61,834,-1.69,84.74,32.54,114.59,1,-1,-1,-1
61,812,320.87,13.10,206.08,472.18,1,-1,-1,-1
61,811,20.17,13.93,231.73,456.85,1,-1,-1,-1
62,834,-1.08,87.27,31.47,114.68,1,-1,-1,-1
62,812,329.35,9.65,214.02,473.71,1,-1,-1,-1
62,811,21.75,11.59,235.73,452.10,1,-1,-1,-1
63,834,-1.39,86.90,29.98,105.70,1,-1,-1,-1
63,812,324.40,3.10,218.58,465.69,1,-1,-1,-1
63,811,24.63,7.20,242.10,447.83,1,-1,-1,-1
64,834,-0.29,88.10,29.63,110.25,1,-1,-1,-1
64,812,323.69,6.62,220.67,469.07,1,-1,-1,-1
64,811,24.46,7.90,247.13,446.68,1,-1,-1,-1
65,834,-0.62,87.92,27.52,102.65,1,-1,-1,-1
65,812,321.99,8.08,219.35,471.00,1,-1,-1,-1
65,811,23.89,9.43,251.10,442.28,1,-1,-1,-1
66,812,325.46,3.04,218.31,475.48,1,-1,-1,-1
66,811,16.49,9.49,250.64,439.37,1,-1,-1,-1
67,812,327.55,4.92,219.28,476.10,1,-1,-1,-1
67,811,16.45,12.06,248.53,438.26,1,-1,-1,-1
68,812,333.11,1.93,217.37,478.59,1,-1,-1,-1
68,811,16.33,11.72,254.65,436.85,1,-1,-1,-1
69,812,327.93,7.66,219.38,476.08,1,-1,-1,-1
69,811,15.85,15.22,254.42,436.60,1,-1,-1,-1
70,812,328.97,8.68,222.10,475.21,1,-1,-1,-1
70,811,14.16,14.06,258.56,436.17,1,-1,-1,-1
71,812,331.66,2.69,219.80,478.34,1,-1,-1,-1
71,811,11.88,16.89,258.65,436.05,1,-1,-1,-1
72,849,294.37,173.62,27.57,70.61,1,-1,-1,-1
72,812,323.23,6.85,219.27,476.54,1,-1,-1,-1
72,811,12.66,18.49,260.36,434.73,1,-1,-1,-1
73,849,294.00,172.32,27.39,66.37,1,-1,-1,-1
73,812,323.85,6.79,222.96,476.40,1,-1,-1,-1
73,811,12.60,19.88,262.28,435.14,1,-1,-1,-1
74,849,293.86,171.96,28.10,65.57,1,-1,-1,-1
74,812,323.27,6.99,219.27,476.11,1,-1,-1,-1
74,811,20.45,12.25,258.45,444.87,1,-1,-1,-1
75,850,164.34,14.91,108.71,301.16,1,-1,-1,-1
75,849,294.41,172.42,30.94,71.79,1,-1,-1,-1
75,812,323.07,22.08,216.04,466.51,1,-1,-1,-1
75,811,21.12,7.65,255.77,449.51,1,-1,-1,-1
76,850,171.29,23.80,107.09,324.69,1,-1,-1,-1
76,849,295.20,174.71,37.93,86.39,1,-1,-1,-1
76,812,319.05,16.61,212.31,467.54,1,-1,-1,-1
76,811,19.08,8.12,262.07,444.49,1,-1,-1,-1
77,850,168.37,13.54,110.24,318.27,1,-1,-1,-1
77,849,294.09,170.09,41.98,91.85,1,-1,-1,-1
77,812,325.91,7.49,202.79,471.81,1,-1,-1,-1
77,811,16.72,10.79,265.77,440.76,1,-1,-1,-1
78,850,164.81,10.70,111.79,316.28,1,-1,-1,-1
78,849,294.74,170.13,42.00,92.56,1,-1,-1,-1
78,812,329.36,3.07,198.06,475.34,1,-1,-1,-1
78,811,15.00,14.35,267.88,439.15,1,-1,-1,-1
79,849,291.20,171.30,40.70,92.93,1,-1,-1,-1
79,812,321.45,27.45,203.20,459.42,1,-1,-1,-1
79,811,15.58,14.24,268.62,436.68,1,-1,-1,-1
80,849,290.20,169.37,39.49,81.98,1,-1,-1,-1
80,812,319.30,19.51,205.42,462.62,1,-1,-1,-1
80,811,13.64,17.50,266.73,434.83,1,-1,-1,-1
81,812,312.75,23.30,205.74,460.47,1,-1,-1,-1
81,811,12.75,21.02,262.81,434.72,1,-1,-1,-1
82,812,307.45,25.65,214.53,458.51,1,-1,-1,-1
82,811,22.76,20.87,254.92,434.84,1,-1,-1,-1
83,812,298.61,40.73,217.00,448.54,1,-1,-1,-1
83,811,21.61,19.53,249.99,434.97,1,-1,-1,-1
84,812,308.70,28.45,213.72,453.11,1,-1,-1,-1
84,811,79.54,11.55,216.60,430.72,1,-1,-1,-1
85,812,315.82,17.24,207.62,459.48,1,-1,-1,-1
85,811,51.32,15.79,224.24,430.61,1,-1,-1,-1
86,812,313.43,22.74,209.72,458.19,1,-1,-1,-1
86,811,38.90,16.63,230.72,431.25,1,-1,-1,-1
87,812,310.64,11.06,211.21,465.55,1,-1,-1,-1
87,811,29.73,20.13,236.83,434.28,1,-1,-1,-1
88,812,314.55,23.34,212.15,460.14,1,-1,-1,-1
88,811,30.38,20.03,240.73,434.17,1,-1,-1,-1
89,812,318.70,14.85,215.42,464.75,1,-1,-1,-1
89,811,27.11,22.43,243.65,434.98,1,-1,-1,-1
90,812,321.90,7.66,211.31,469.58,1,-1,-1,-1
90,811,27.52,21.26,250.21,438.15,1,-1,-1,-1
91,812,323.84,9.96,210.35,469.87,1,-1,-1,-1
91,811,25.85,19.91,255.61,437.45,1,-1,-1,-1
92,812,322.15,13.74,217.84,468.31,1,-1,-1,-1
92,811,26.18,12.44,249.01,446.10,1,-1,-1,-1
93,812,319.86,26.20,216.61,460.79,1,-1,-1,-1
93,811,26.77,15.39,254.76,443.76,1,-1,-1,-1
94,812,317.87,11.89,220.90,467.58,1,-1,-1,-1
94,811,23.38,18.67,257.61,442.42,1,-1,-1,-1
95,860,295.59,173.82,34.76,87.87,1,-1,-1,-1
95,812,320.07,5.39,222.06,472.28,1,-1,-1,-1
95,811,22.95,19.66,258.54,440.73,1,-1,-1,-1
96,860,291.23,175.55,33.54,85.08,1,-1,-1,-1
96,812,319.07,8.22,217.94,472.03,1,-1,-1,-1
96,811,72.57,13.13,224.84,437.86,1,-1,-1,-1
97,860,291.48,177.43,33.07,83.75,1,-1,-1,-1
97,812,316.09,10.17,223.65,471.40,1,-1,-1,-1
97,811,47.93,8.07,226.37,445.35,1,-1,-1,-1
98,860,285.01,176.43,33.55,81.75,1,-1,-1,-1
98,812,317.11,10.75,220.11,467.76,1,-1,-1,-1
98,811,44.53,10.54,224.95,447.49,1,-1,-1,-1
99,860,287.95,174.18,36.79,87.11,1,-1,-1,-1
99,812,320.85,13.88,218.84,464.92,1,-1,-1,-1
99,811,97.67,8.66,194.61,442.31,1,-1,-1,-1
100,860,290.05,178.87,36.34,83.41,1,-1,-1,-1
100,812,317.55,6.57,224.06,470.53,1,-1,-1,-1
100,811,53.82,15.15,203.57,441.36,1,-1,-1,-1
101,860,289.56,169.71,36.96,84.93,1,-1,-1,-1
101,812,313.57,21.34,221.44,463.46,1,-1,-1,-1
101,811,33.06,15.61,217.60,449.08,1,-1,-1,-1
102,812,325.94,10.37,215.96,468.43,1,-1,-1,-1
102,811,24.95,8.39,222.85,455.90,1,-1,-1,-1
103,865,177.01,23.73,107.47,397.83,1,-1,-1,-1
103,812,331.65,4.62,209.85,471.69,1,-1,-1,-1
103,811,27.16,3.31,226.55,458.89,1,-1,-1,-1
104,865,183.00,27.40,106.02,392.92,1,-1,-1,-1
104,812,324.84,8.20,208.82,471.42,1,-1,-1,-1
104,811,17.32,1.69,230.47,462.29,1,-1,-1,-1
105,865,183.63,29.98,104.53,389.17,1,-1,-1,-1
105,860,289.17,166.40,36.27,82.04,1,-1,-1,-1
105,812,331.01,3.63,206.07,474.63,1,-1,-1,-1
105,811,22.86,4.01,226.26,460.45,1,-1,-1,-1
106,865,183.46,35.25,101.03,381.73,1,-1,-1,-1
106,860,288.26,171.42,37.46,82.45,1,-1,-1,-1
106,812,331.09,11.77,207.63,470.86,1,-1,-1,-1
106,811,25.74,1.52,228.56,462.96,1,-1,-1,-1
107,865,180.00,27.42,100.77,389.07,1,-1,-1,-1
107,860,289.61,175.36,38.67,83.27,1,-1,-1,-1
107,812,332.59,5.00,209.02,474.42,1,-1,-1,-1
107,811,19.53,0.17,236.76,465.18,1,-1,-1,-1
108,865,180.78,29.32,99.76,390.50,1,-1,-1,-1
108,860,284.19,178.21,38.46,81.87,1,-1,-1,-1
108,812,325.41,3.34,218.66,476.31,1,-1,-1,-1
108,811,20.16,-0.77,235.07,466.19,1,-1,-1,-1
109,865,187.43,32.96,99.10,389.31,1,-1,-1,-1
109,860,286.03,177.06,39.51,86.39,1,-1,-1,-1
109,812,329.82,6.36,217.66,475.12,1,-1,-1,-1
109,811,20.48,-1.62,237.87,466.58,1,-1,-1,-1
110,865,190.12,35.36,99.05,390.24,1,-1,-1,-1
110,860,288.63,176.23,39.57,86.11,1,-1,-1,-1
110,812,324.35,19.10,208.15,467.95,1,-1,-1,-1
110,811,25.29,-2.58,239.06,465.94,1,-1,-1,-1
111,865,190.46,37.46,100.12,389.09,1,-1,-1,-1
111,860,288.51,175.03,39.81,89.14,1,-1,-1,-1
111,812,332.32,10.88,204.03,470.53,1,-1,-1,-1
111,811,20.25,-1.76,242.99,467.15,1,-1,-1,-1
112,865,187.68,38.02,98.30,387.35,1,-1,-1,-1
112,860,289.22,178.45,37.83,86.54,1,-1,-1,-1
112,812,328.92,29.96,202.13,459.06,1,-1,-1,-1
112,811,21.16,-1.73,242.54,467.73,1,-1,-1,-1
113,865,188.74,29.97,95.13,394.87,1,-1,-1,-1
113,812,321.82,28.75,205.98,456.90,1,-1,-1,-1
113,811,21.94,-0.60,243.87,464.18,1,-1,-1,-1
114,865,180.89,22.87,99.18,405.29,1,-1,-1,-1
114,812,315.17,40.75,210.28,447.75,1,-1,-1,-1
114,811,10.96,0.81,248.33,468.16,1,-1,-1,-1
115,865,177.41,23.82,102.78,405.60,1,-1,-1,-1
115,812,323.99,21.43,220.19,457.25,1,-1,-1,-1
115,811,4.10,1.55,250.41,472.15,1,-1,-1,-1
116,865,175.46,20.22,104.91,411.25,1,-1,-1,-1
116,812,312.42,26.29,229.99,455.24,1,-1,-1,-1
116,811,4.13,7.71,253.47,467.58,1,-1,-1,-1
117,865,177.10,16.14,105.68,416.13,1,-1,-1,-1
117,812,310.29,20.06,218.19,458.31,1,-1,-1,-1
117,811,2.36,4.05,255.02,471.37,1,-1,-1,-1
118,865,172.76,18.84,108.79,413.36,1,-1,-1,-1
118,812,314.20,13.48,218.72,463.19,1,-1,-1,-1
118,811,1.98,-5.03,253.83,444.67,1,-1,-1,-1
119,865,168.37,-2.28,114.27,355.54,1,-1,-1,-1
119,812,306.46,22.77,227.20,459.08,1,-1,-1,-1
119,811,20.34,1.11,252.73,451.08,1,-1,-1,-1
120,865,175.93,4.98,112.59,344.96,1,-1,-1,-1
120,812,303.73,17.56,225.37,461.82,1,-1,-1,-1
120,811,37.87,2.65,246.13,455.63,1,-1,-1,-1
121,865,172.90,24.90,112.37,360.75,1,-1,-1,-1
121,812,311.49,19.53,220.12,461.23,1,-1,-1,-1
121,811,22.42,7.74,248.25,461.38,1,-1,-1,-1
122,866,503.84,164.09,25.97,117.60,1,-1,-1,-1
122,865,170.60,30.28,112.40,367.56,1,-1,-1,-1
122,812,313.84,12.47,219.28,465.42,1,-1,-1,-1
122,811,12.06,14.59,249.26,462.03,1,-1,-1,-1
123,866,502.41,164.11,27.98,125.63,1,-1,-1,-1
123,865,184.71,33.09,107.69,379.82,1,-1,-1,-1
123,812,320.10,20.28,213.60,461.99,1,-1,-1,-1
123,811,24.81,5.93,249.94,464.60,1,-1,-1,-1
124,866,501.55,164.11,28.73,128.18,1,-1,-1,-1
124,865,181.35,35.01,106.64,372.06,1,-1,-1,-1
124,812,320.45,24.75,211.09,458.86,1,-1,-1,-1
124,811,26.03,2.51,250.63,466.95,1,-1,-1,-1
125,866,503.53,163.71,28.04,123.98,1,-1,-1,-1
125,865,175.46,28.40,108.79,384.94,1,-1,-1,-1
125,812,322.16,29.87,208.82,454.86,1,-1,-1,-1
125,811,14.71,2.62,250.15,471.16,1,-1,-1,-1
126,867,288.99,173.30,39.59,89.68,1,-1,-1,-1
126,866,504.18,162.43,27.33,121.57,1,-1,-1,-1
126,812,315.93,47.69,207.44,442.74,1,-1,-1,-1
126,811,23.85,0.33,251.92,472.09,1,-1,-1,-1
127,867,289.87,175.71,39.88,90.96,1,-1,-1,-1
127,866,503.54,161.80,26.66,119.69,1,-1,-1,-1
127,812,321.48,36.60,205.39,445.75,1,-1,-1,-1
127,811,25.85,-0.25,249.87,473.27,1,-1,-1,-1
128,867,290.04,176.43,40.03,91.62,1,-1,-1,-1
128,866,504.23,162.51,26.25,118.41,1,-1,-1,-1
128,812,322.86,25.72,209.20,451.82,1,-1,-1,-1
128,811,26.28,-0.69,252.75,474.29,1,-1,-1,-1
129,867,289.67,177.71,40.25,92.19,1,-1,-1,-1
129,866,503.72,159.94,26.43,121.49,1,-1,-1,-1
129,812,322.15,23.63,206.95,453.07,1,-1,-1,-1
129,811,27.21,-0.27,260.20,476.44,1,-1,-1,-1
130,867,288.39,176.57,40.74,92.95,1,-1,-1,-1
130,866,503.98,160.72,26.48,121.48,1,-1,-1,-1
130,812,324.07,29.92,203.22,450.84,1,-1,-1,-1
130,811,26.40,-1.65,253.75,475.86,1,-1,-1,-1
131,869,204.82,40.47,41.34,56.90,1,-1,-1,-1
131,867,289.70,175.98,39.07,89.25,1,-1,-1,-1
131,866,503.57,157.88,26.76,124.46,1,-1,-1,-1
131,812,324.37,27.40,201.42,452.25,1,-1,-1,-1
131,811,30.81,6.51,255.65,466.71,1,-1,-1,-1
132,867,289.58,173.76,38.18,86.34,1,-1,-1,-1
132,866,502.06,155.67,28.83,123.16,1,-1,-1,-1
132,812,326.53,25.99,203.58,453.49,1,-1,-1,-1
132,811,32.33,9.51,257.56,460.89,1,-1,-1,-1
133,867,290.28,177.12,38.87,86.21,1,-1,-1,-1
133,866,500.67,152.57,30.97,125.66,1,-1,-1,-1
133,812,324.93,22.07,206.38,456.31,1,-1,-1,-1
133,811,21.81,4.44,257.66,464.02,1,-1,-1,-1
134,867,290.01,175.56,38.51,85.43,1,-1,-1,-1
134,866,499.84,152.85,32.82,127.38,1,-1,-1,-1
134,812,324.97,11.60,204.77,463.07,1,-1,-1,-1
134,811,22.56,2.64,255.49,467.09,1,-1,-1,-1
135,867,289.19,177.31,37.32,85.52,1,-1,-1,-1
135,866,498.90,152.96,33.19,128.94,1,-1,-1,-1
135,812,321.07,37.51,206.48,449.32,1,-1,-1,-1
135,811,68.54,12.75,288.76,437.18,1,-1,-1,-1
136,867,288.90,176.91,35.45,84.19,1,-1,-1,-1
136,866,499.12,153.26,31.40,131.00,1,-1,-1,-1
136,812,324.45,18.70,206.05,457.98,1,-1,-1,-1
136,811,38.91,17.38,277.30,438.32,1,-1,-1,-1
137,867,289.86,176.84,34.32,84.44,1,-1,-1,-1
137,866,498.94,151.74,31.95,130.95,1,-1,-1,-1
137,812,323.24,9.69,211.32,464.99,1,-1,-1,-1
137,811,33.41,13.44,266.95,443.43,1,-1,-1,-1
138,867,290.88,174.84,34.36,83.55,1,-1,-1,-1
138,866,498.47,152.82,31.62,128.77,1,-1,-1,-1
138,812,319.49,12.24,214.85,465.65,1,-1,-1,-1
138,811,30.55,19.62,259.02,441.12,1,-1,-1,-1
139,867,291.38,174.39,33.25,81.55,1,-1,-1,-1
139,866,498.39,152.09,32.14,128.10,1,-1,-1,-1
139,812,318.85,26.42,210.26,458.35,1,-1,-1,-1
139,811,7.64,23.36,254.44,446.33,1,-1,-1,-1
140,870,183.54,32.59,105.44,390.55,1,-1,-1,-1
140,867,291.15,172.97,33.16,80.61,1,-1,-1,-1
140,866,498.86,153.12,32.22,127.18,1,-1,-1,-1
140,812,319.00,23.26,209.95,458.66,1,-1,-1,-1
140,811,6.07,13.59,249.97,452.64,1,-1,-1,-1
141,870,177.62,25.43,108.28,401.89,1,-1,-1,-1
141,867,290.64,173.37,33.49,80.49,1,-1,-1,-1
141,866,501.30,160.08,31.01,122.71,1,-1,-1,-1
141,812,323.03,17.70,206.80,461.29,1,-1,-1,-1
141,811,11.28,14.91,248.16,453.94,1,-1,-1,-1
142,870,175.29,25.44,111.11,400.71,1,-1,-1,-1
142,867,290.64,172.99,33.78,81.79,1,-1,-1,-1
142,866,502.32,161.93,30.40,121.58,1,-1,-1,-1
142,812,322.28,25.07,206.20,457.43,1,-1,-1,-1
142,811,11.61,18.32,247.85,452.94,1,-1,-1,-1
143,870,178.07,18.72,109.90,403.31,1,-1,-1,-1
143,867,290.25,174.47,33.84,82.54,1,-1,-1,-1
143,866,504.29,164.50,29.98,115.80,1,-1,-1,-1
143,812,322.51,31.12,206.89,453.05,1,-1,-1,-1
143,811,11.70,16.94,243.19,452.20,1,-1,-1,-1
144,870,175.53,20.05,111.67,403.86,1,-1,-1,-1
144,867,291.08,174.11,34.49,83.37,1,-1,-1,-1
144,866,503.53,164.04,29.32,116.11,1,-1,-1,-1
144,812,319.61,26.17,209.84,454.71,1,-1,-1,-1
144,811,14.77,16.90,238.52,450.00,1,-1,-1,-1
145,870,175.42,27.09,113.78,402.15,1,-1,-1,-1
145,867,291.57,174.14,34.03,83.81,1,-1,-1,-1
145,812,322.15,13.16,214.73,462.51,1,-1,-1,-1
145,811,12.02,10.45,236.69,457.17,1,-1,-1,-1
146,870,172.72,27.84,115.44,403.31,1,-1,-1,-1
146,867,292.18,172.01,33.98,83.80,1,-1,-1,-1
146,812,326.94,16.36,215.92,462.36,1,-1,-1,-1
146,811,15.89,13.51,233.33,454.97,1,-1,-1,-1
147,870,171.87,29.14,116.48,401.58,1,-1,-1,-1
147,867,291.71,172.73,32.28,80.87,1,-1,-1,-1
147,812,333.96,8.05,223.28,468.25,1,-1,-1,-1
147,811,9.60,25.70,229.72,450.21,1,-1,-1,-1
148,870,181.67,31.05,110.26,400.06,1,-1,-1,-1
148,867,290.04,174.53,31.09,77.58,1,-1,-1,-1
148,812,322.49,23.11,218.90,460.95,1,-1,-1,-1
148,811,21.73,19.07,233.84,450.89,1,-1,-1,-1
149,870,175.59,23.28,111.04,403.63,1,-1,-1,-1
149,867,289.71,174.52,30.20,75.44,1,-1,-1,-1
149,812,326.22,16.09,219.83,463.80,1,-1,-1,-1
149,811,13.80,19.46,237.02,452.66,1,-1,-1,-1
150,870,184.05,35.88,105.40,396.75,1,-1,-1,-1
150,867,288.82,183.75,31.79,81.61,1,-1,-1,-1
150,812,327.19,8.16,215.99,468.40,1,-1,-1,-1
150,811,24.22,21.23,240.19,445.89,1,-1,-1,-1
151,870,180.61,23.32,105.21,400.94,1,-1,-1,-1
151,812,313.96,23.08,215.49,460.85,1,-1,-1,-1
151,811,13.45,20.92,241.07,448.88,1,-1,-1,-1
152,870,179.50,8.09,105.13,379.85,1,-1,-1,-1
152,812,323.17,10.99,221.31,466.99,1,-1,-1,-1
152,811,26.66,22.23,240.08,443.77,1,-1,-1,-1
153,870,173.00,2.21,109.20,356.12,1,-1,-1,-1
153,812,320.46,12.56,222.51,466.94,1,-1,-1,-1
153,811,31.79,24.27,237.85,441.62,1,-1,-1,-1
154,870,175.25,23.35,107.44,366.16,1,-1,-1,-1
154,812,311.58,11.30,219.94,467.94,1,-1,-1,-1
154,811,22.91,23.24,242.09,444.34,1,-1,-1,-1
155,870,171.34,32.80,107.52,375.17,1,-1,-1,-1
155,812,317.21,5.68,222.05,471.71,1,-1,-1,-1
155,811,13.81,14.49,243.94,451.12,1,-1,-1,-1
156,870,171.30,12.67,109.16,348.66,1,-1,-1,-1
156,812,315.59,6.27,220.70,472.39,1,-1,-1,-1
156,811,25.85,14.44,241.60,448.67,1,-1,-1,-1
157,872,502.80,162.47,27.71,117.13,1,-1,-1,-1
157,870,170.91,7.94,109.28,334.26,1,-1,-1,-1
157,812,306.28,5.85,219.97,473.21,1,-1,-1,-1
157,811,31.48,16.37,239.32,445.45,1,-1,-1,-1
158,872,501.35,151.82,30.90,126.79,1,-1,-1,-1
158,870,176.59,26.41,111.62,353.70,1,-1,-1,-1
158,812,308.27,3.43,220.20,475.07,1,-1,-1,-1
158,811,20.20,16.61,239.82,446.26,1,-1,-1,-1
159,872,500.39,155.36,30.18,124.54,1,-1,-1,-1
159,870,173.93,17.07,111.05,339.46,1,-1,-1,-1
159,812,303.40,5.12,218.58,474.68,1,-1,-1,-1
159,811,29.33,14.57,239.43,445.51,1,-1,-1,-1
160,872,500.55,166.78,29.29,114.39,1,-1,-1,-1
160,870,177.79,26.11,109.49,360.77,1,-1,-1,-1
160,812,305.13,10.91,216.54,471.42,1,-1,-1,-1
160,811,27.82,13.98,237.62,444.70,1,-1,-1,-1
161,873,586.54,-5.69,49.14,115.52,1,-1,-1,-1
161,872,503.77,180.57,26.02,100.32,1,-1,-1,-1
161,870,170.70,15.83,111.83,344.46,1,-1,-1,-1
161,812,303.54,9.85,213.54,471.25,1,-1,-1,-1
161,811,30.06,6.98,236.12,448.78,1,-1,-1,-1
162,872,506.02,186.64,23.96,91.16,1,-1,-1,-1
162,870,170.91,30.40,112.59,358.90,1,-1,-1,-1
162,812,304.53,11.29,214.76,470.07,1,-1,-1,-1
162,811,13.14,11.13,239.10,449.95,1,-1,-1,-1
163,872,507.03,187.15,23.29,85.60,1,-1,-1,-1
163,870,167.39,13.04,115.97,350.98,1,-1,-1,-1
163,812,299.95,11.77,214.33,469.37,1,-1,-1,-1
163,811,18.63,6.66,243.08,455.61,1,-1,-1,-1
164,872,506.41,185.66,22.80,82.87,1,-1,-1,-1
164,812,296.22,10.96,213.22,469.50,1,-1,-1,-1
164,811,27.40,8.83,243.57,443.08,1,-1,-1,-1
165,872,506.92,186.37,22.87,79.58,1,-1,-1,-1
165,812,296.36,10.82,216.14,469.52,1,-1,-1,-1
165,811,29.49,4.10,248.00,446.34,1,-1,-1,-1
166,872,506.56,189.32,23.35,78.30,1,-1,-1,-1
166,812,294.09,9.85,216.40,470.06,1,-1,-1,-1
166,811,31.07,2.88,249.27,450.07,1,-1,-1,-1
167,872,503.22,188.02,26.35,84.17,1,-1,-1,-1
167,870,156.45,31.00,125.95,326.79,1,-1,-1,-1
167,812,294.11,5.20,215.05,472.84,1,-1,-1,-1
168,872,498.57,186.67,27.70,80.98,1,-1,-1,-1
168,870,157.70,36.66,122.63,344.94,1,-1,-1,-1
168,812,298.92,5.19,216.19,473.64,1,-1,-1,-1
169,872,502.39,192.29,26.82,79.20,1,-1,-1,-1
169,812,299.02,2.28,220.24,475.95,1,-1,-1,-1
170,872,502.93,191.29,26.16,77.85,1,-1,-1,-1
170,812,292.45,7.30,226.52,473.64,1,-1,-1,-1
170,811,24.80,3.87,248.34,448.14,1,-1,-1,-1
171,812,272.36,8.22,232.99,472.87,1,-1,-1,-1
171,811,23.65,3.98,250.05,453.52,1,-1,-1,-1
172,812,263.87,4.26,240.99,475.13,1,-1,-1,-1
172,811,22.66,2.52,250.71,456.40,1,-1,-1,-1
173,812,278.12,1.92,231.41,476.59,1,-1,-1,-1
173,811,26.44,0.98,253.17,451.16,1,-1,-1,-1
174,812,280.24,0.66,229.66,477.91,1,-1,-1,-1
174,811,32.86,7.45,245.42,448.90,1,-1,-1,-1
175,812,272.13,2.55,238.82,477.45,1,-1,-1,-1
175,811,26.22,4.89,247.75,453.38,1,-1,-1,-1
176,812,280.59,0.78,235.66,478.52,1,-1,-1,-1
176,811,93.32,3.68,212.89,446.93,1,-1,-1,-1
177,812,286.89,1.89,232.25,478.17,1,-1,-1,-1
177,811,121.03,-3.26,186.30,435.58,1,-1,-1,-1
178,812,287.35,0.44,228.80,479.00,1,-1,-1,-1
178,811,70.91,13.34,208.62,434.33,1,-1,-1,-1
179,812,291.82,-0.23,224.76,479.58,1,-1,-1,-1
179,811,45.96,15.95,219.31,430.05,1,-1,-1,-1
180,812,280.30,3.00,230.75,477.93,1,-1,-1,-1
180,811,38.90,11.48,228.50,440.79,1,-1,-1,-1
181,880,159.98,16.35,122.79,279.20,1,-1,-1,-1
181,879,545.70,210.44,20.71,30.46,1,-1,-1,-1
181,878,505.92,188.47,26.03,86.19,1,-1,-1,-1
181,812,284.23,0.91,229.36,478.86,1,-1,-1,-1
181,811,34.20,7.98,235.00,448.06,1,-1,-1,-1
182,880,157.10,44.36,133.25,335.18,1,-1,-1,-1
182,812,291.66,0.03,227.62,479.48,1,-1,-1,-1
183,880,157.01,46.35,135.61,369.86,1,-1,-1,-1
183,812,297.32,1.78,226.10,478.66,1,-1,-1,-1
184,881,502.04,183.23,28.98,97.30,1,-1,-1,-1
184,880,159.30,41.23,133.45,387.62,1,-1,-1,-1
184,812,291.30,5.22,230.14,476.48,1,-1,-1,-1
185,881,504.79,182.88,27.47,92.69,1,-1,-1,-1
185,880,82.81,7.63,183.17,456.14,1,-1,-1,-1
185,879,543.91,205.70,23.49,46.84,1,-1,-1,-1
185,812,291.24,4.69,232.71,476.26,1,-1,-1,-1
186,881,502.86,183.30,28.58,92.70,1,-1,-1,-1
186,880,122.09,13.04,168.56,446.76,1,-1,-1,-1
186,879,543.84,205.78,22.74,47.47,1,-1,-1,-1
186,812,266.60,5.50,243.83,475.56,1,-1,-1,-1
187,881,505.32,183.34,26.04,85.79,1,-1,-1,-1
187,880,140.64,15.70,156.53,439.49,1,-1,-1,-1
187,812,280.14,5.61,242.34,475.19,1,-1,-1,-1
188,881,506.50,186.00,25.93,84.33,1,-1,-1,-1
188,880,146.64,12.14,151.02,442.15,1,-1,-1,-1
188,812,287.67,7.89,241.71,473.64,1,-1,-1,-1
189,881,502.86,183.59,27.70,87.30,1,-1,-1,-1
189,880,154.88,17.19,141.09,437.85,1,-1,-1,-1
189,812,288.43,5.83,240.32,474.36,1,-1,-1,-1
190,881,502.33,183.25,28.62,86.75,1,-1,-1,-1
190,880,158.46,16.67,134.94,433.32,1,-1,-1,-1
190,812,291.95,2.68,236.17,476.10,1,-1,-1,-1
191,881,500.12,182.97,29.26,89.52,1,-1,-1,-1
191,880,161.82,12.38,131.40,436.06,1,-1,-1,-1
191,812,294.04,1.64,231.88,477.11,1,-1,-1,-1
192,881,500.54,180.40,30.38,92.12,1,-1,-1,-1
192,880,163.37,11.29,128.90,433.85,1,-1,-1,-1
192,812,280.78,2.88,238.38,476.93,1,-1,-1,-1
193,881,503.35,180.66,29.91,92.97,1,-1,-1,-1
193,880,162.72,17.12,129.05,430.36,1,-1,-1,-1
193,812,287.15,1.08,236.50,478.06,1,-1,-1,-1
194,881,498.77,177.13,30.96,97.69,1,-1,-1,-1
194,880,160.51,-5.80,128.33,392.51,1,-1,-1,-1
194,812,289.98,0.20,235.19,478.90,1,-1,-1,-1
195,881,498.42,176.37,32.51,101.60,1,-1,-1,-1
195,880,161.11,13.88,126.18,399.36,1,-1,-1,-1
195,812,278.94,3.73,239.19,477.15,1,-1,-1,-1
196,881,498.96,176.22,33.00,103.92,1,-1,-1,-1
196,880,160.93,26.60,124.16,404.60,1,-1,-1,-1
196,812,275.87,6.89,239.79,474.99,1,-1,-1,-1
197,881,498.03,176.18,31.79,102.70,1,-1,-1,-1
197,880,95.62,26.35,159.64,423.50,1,-1,-1,-1
197,812,286.74,3.11,235.44,476.47,1,-1,-1,-1
198,883,537.88,207.22,24.58,53.92,1,-1,-1,-1
198,881,497.61,175.43,31.21,103.30,1,-1,-1,-1
198,880,74.47,19.57,178.02,436.29,1,-1,-1,-1
198,812,280.10,5.71,239.51,475.11,1,-1,-1,-1
199,883,540.22,206.81,23.17,49.31,1,-1,-1,-1
199,881,498.79,170.91,31.91,108.07,1,-1,-1,-1
199,880,116.02,14.50,161.88,435.81,1,-1,-1,-1
199,812,286.38,2.49,238.52,476.72,1,-1,-1,-1
200,883,541.18,203.22,24.87,52.95,1,-1,-1,-1
200,881,498.05,169.38,32.92,113.16,1,-1,-1,-1
200,880,135.20,8.56,150.71,432.55,1,-1,-1,-1
200,812,290.92,1.04,233.85,477.78,1,-1,-1,-1
201,883,539.36,204.60,26.59,55.75,1,-1,-1,-1
201,881,497.26,173.03,33.42,112.81,1,-1,-1,-1
201,880,78.11,3.48,182.10,452.25,1,-1,-1,-1
201,812,291.57,0.25,233.86,478.67,1,-1,-1,-1
202,883,537.78,203.97,26.96,57.65,1,-1,-1,-1
202,881,497.45,173.62,33.75,109.22,1,-1,-1,-1
202,880,100.69,-3.39,172.51,442.62,1,-1,-1,-1
202,812,289.94,0.18,232.63,479.07,1,-1,-1,-1
203,883,533.58,200.65,26.83,58.90,1,-1,-1,-1
203,881,496.82,175.11,34.21,105.65,1,-1,-1,-1
203,880,58.79,8.22,190.51,436.79,1,-1,-1,-1
203,812,290.88,-0.25,229.82,479.53,1,-1,-1,-1
204,883,532.51,200.03,25.83,61.74,1,-1,-1,-1
204,881,495.85,179.25,35.04,102.60,1,-1,-1,-1
204,880,41.87,12.46,204.06,432.18,1,-1,-1,-1
204,812,289.04,-0.52,230.39,479.93,1,-1,-1,-1
205,883,531.89,196.11,26.10,64.83,1,-1,-1,-1
205,881,495.41,181.20,35.50,100.14,1,-1,-1,-1
205,880,31.98,12.92,212.56,429.18,1,-1,-1,-1
205,812,292.14,-0.66,229.39,480.18,1,-1,-1,-1
206,883,532.51,194.01,25.80,67.39,1,-1,-1,-1
206,881,495.62,181.50,35.58,98.77,1,-1,-1,-1
206,880,26.47,19.69,216.26,430.34,1,-1,-1,-1
206,812,288.45,-0.76,229.14,480.37,1,-1,-1,-1
207,883,532.14,191.67,24.84,67.42,1,-1,-1,-1
207,881,494.51,181.99,36.39,98.17,1,-1,-1,-1
207,880,29.86,17.81,218.99,433.52,1,-1,-1,-1
207,812,287.33,-0.82,228.10,480.48,1,-1,-1,-1
208,883,532.75,193.15,24.32,65.78,1,-1,-1,-1
208,881,492.34,177.50,36.32,101.19,1,-1,-1,-1
208,880,75.65,6.31,195.45,424.36,1,-1,-1,-1
208,812,289.15,-0.85,227.16,480.56,1,-1,-1,-1
209,883,532.08,191.64,24.08,66.39,1,-1,-1,-1
209,881,494.37,179.77,35.40,99.82,1,-1,-1,-1
209,880,102.35,6.03,175.72,414.16,1,-1,-1,-1
209,812,284.66,-0.87,226.70,480.62,1,-1,-1,-1
210,883,532.32,194.41,24.04,65.99,1,-1,-1,-1
210,881,491.34,177.52,34.41,100.68,1,-1,-1,-1
210,880,129.63,14.21,154.54,402.90,1,-1,-1,-1
210,812,279.77,-0.89,227.10,480.67,1,-1,-1,-1
211,883,538.27,191.18,25.12,65.92,1,-1,-1,-1
211,881,493.30,179.28,32.69,99.44,1,-1,-1,-1
211,880,148.72,22.67,137.31,393.07,1,-1,-1,-1
211,812,271.01,-0.95,232.06,480.80,1,-1,-1,-1
212,883,538.35,193.89,24.34,64.88,1,-1,-1,-1
212,881,491.16,177.33,33.01,100.49,1,-1,-1,-1
212,880,157.00,26.08,125.54,386.96,1,-1,-1,-1
212,812,271.56,-0.98,235.33,480.88,1,-1,-1,-1
213,885,13.11,7.66,181.75,436.82,1,-1,-1,-1
213,883,532.31,199.68,23.00,60.70,1,-1,-1,-1
213,881,490.20,178.89,32.92,101.02,1,-1,-1,-1
213,880,159.51,38.12,123.20,378.94,1,-1,-1,-1
213,812,277.59,-0.97,234.52,480.86,1,-1,-1,-1
214,885,13.15,13.43,172.90,436.57,1,-1,-1,-1
214,883,530.94,199.43,22.41,62.57,1,-1,-1,-1
214,881,488.49,178.59,32.75,99.28,1,-1,-1,-1
214,880,157.82,43.27,125.37,373.83,1,-1,-1,-1
214,812,268.87,-0.97,234.73,480.87,1,-1,-1,-1
215,885,14.51,7.20,170.78,431.60,1,-1,-1,-1
215,881,490.44,177.84,32.22,99.66,1,-1,-1,-1
215,880,158.59,48.42,126.85,368.66,1,-1,-1,-1
215,812,270.65,-1.21,234.58,480.50,1,-1,-1,-1
216,885,9.67,12.36,164.49,415.69,1,-1,-1,-1
216,881,485.08,172.42,33.53,103.94,1,-1,-1,-1
216,880,163.72,52.17,125.31,367.68,1,-1,-1,-1
216,812,259.22,-1.01,237.29,480.64,1,-1,-1,-1
217,885,6.05,19.46,156.47,411.29,1,-1,-1,-1
217,881,488.12,172.98,34.22,105.73,1,-1,-1,-1
217,880,169.64,54.29,123.57,360.92,1,-1,-1,-1
217,812,248.44,-0.92,235.84,480.67,1,-1,-1,-1
218,885,12.57,18.74,152.65,415.62,1,-1,-1,-1
218,881,484.29,169.45,35.47,110.18,1,-1,-1,-1
218,880,173.10,56.51,122.61,349.97,1,-1,-1,-1
218,812,261.71,-0.85,231.18,480.61,1,-1,-1,-1
219,885,17.66,11.15,159.63,423.85,1,-1,-1,-1
219,881,483.02,171.40,35.97,110.35,1,-1,-1,-1
219,880,178.43,65.29,122.94,342.31,1,-1,-1,-1
219,812,274.39,-1.69,219.00,479.27,1,-1,-1,-1
220,889,151.28,295.83,31.28,68.32,1,-1,-1,-1
220,885,19.62,10.85,162.87,401.75,1,-1,-1,-1
220,881,480.96,179.61,35.59,104.18,1,-1,-1,-1
220,880,184.68,68.57,121.87,329.52,1,-1,-1,-1
220,812,276.27,-1.03,218.75,479.37,1,-1,-1,-1
221,889,158.43,304.68,31.47,68.09,1,-1,-1,-1
221,885,26.31,17.53,162.87,398.15,1,-1,-1,-1
221,881,480.83,178.07,35.96,103.70,1,-1,-1,-1
221,880,185.51,80.81,121.42,319.18,1,-1,-1,-1
221,812,287.75,10.24,211.89,472.38,1,-1,-1,-1
222,885,24.52,16.20,169.63,416.30,1,-1,-1,-1
222,881,485.69,174.94,35.45,104.27,1,-1,-1,-1
222,880,189.37,75.54,112.31,314.98,1,-1,-1,-1
222,812,289.36,15.54,206.61,464.35,1,-1,-1,-1
223,885,28.15,21.91,194.29,429.30,1,-1,-1,-1
223,881,486.25,181.48,33.58,101.32,1,-1,-1,-1
223,880,194.96,75.82,107.49,304.01,1,-1,-1,-1
223,812,287.75,19.90,206.53,459.40,1,-1,-1,-1
224,885,22.82,21.49,206.20,429.20,1,-1,-1,-1
224,881,488.49,174.63,33.55,103.53,1,-1,-1,-1
224,880,206.66,79.40,99.74,297.90,1,-1,-1,-1
224,812,294.25,17.01,204.92,459.09,1,-1,-1,-1
225,890,545.06,200.14,22.64,51.21,1,-1,-1,-1
225,885,18.60,24.17,223.84,436.03,1,-1,-1,-1
225,881,483.79,173.76,34.60,106.19,1,-1,-1,-1
225,880,207.07,92.10,96.23,284.85,1,-1,-1,-1
225,812,295.54,31.44,196.54,452.24,1,-1,-1,-1
226,885,11.27,16.20,218.44,446.50,1,-1,-1,-1
226,881,481.82,174.59,34.99,106.54,1,-1,-1,-1
226,880,219.04,90.50,92.01,278.94,1,-1,-1,-1
226,812,298.46,29.04,186.45,452.00,1,-1,-1,-1
227,885,10.90,11.02,215.89,455.27,1,-1,-1,-1
227,881,482.01,174.49,35.91,104.99,1,-1,-1,-1
227,880,224.07,97.19,89.64,269.66,1,-1,-1,-1
227,812,299.92,38.03,179.93,446.32,1,-1,-1,-1
228,885,12.86,8.34,212.03,462.20,1,-1,-1,-1
228,881,480.53,174.00,36.68,104.32,1,-1,-1,-1
228,880,227.69,104.85,85.96,258.22,1,-1,-1,-1
228,812,302.20,24.01,173.94,452.14,1,-1,-1,-1
229,890,543.94,195.47,24.06,54.27,1,-1,-1,-1
229,885,14.64,5.85,208.61,467.00,1,-1,-1,-1
229,881,481.07,178.36,36.42,101.53,1,-1,-1,-1
229,880,232.65,106.70,82.57,248.50,1,-1,-1,-1
229,812,304.49,36.00,168.91,446.31,1,-1,-1,-1
230,890,544.70,198.30,24.93,56.65,1,-1,-1,-1
230,885,15.22,2.14,215.19,471.06,1,-1,-1,-1
230,881,486.44,179.41,33.32,99.59,1,-1,-1,-1
230,880,237.87,107.31,81.95,243.97,1,-1,-1,-1
230,812,306.88,41.68,161.42,440.80,1,-1,-1,-1
231,890,546.16,204.13,23.19,51.22,1,-1,-1,-1
231,885,12.85,3.70,222.32,465.09,1,-1,-1,-1
231,881,485.99,181.52,33.80,99.94,1,-1,-1,-1
231,880,245.39,112.58,81.12,238.50,1,-1,-1,-1
231,812,310.44,38.72,154.02,441.02,1,-1,-1,-1
232,890,547.92,200.08,24.13,57.99,1,-1,-1,-1
232,885,7.26,9.77,227.52,443.00,1,-1,-1,-1
232,881,494.55,185.26,31.92,100.28,1,-1,-1,-1
232,880,248.59,112.67,81.94,232.44,1,-1,-1,-1
232,812,315.76,43.89,150.70,437.65,1,-1,-1,-1
233,894,467.33,159.73,52.91,121.30,1,-1,-1,-1
233,890,555.61,198.70,23.71,60.41,1,-1,-1,-1
233,885,7.65,18.55,227.90,442.17,1,-1,-1,-1
233,881,499.76,183.85,32.15,98.22,1,-1,-1,-1
233,880,250.11,116.90,84.57,227.85,1,-1,-1,-1
233,812,324.34,40.49,145.55,438.40,1,-1,-1,-1
234,895,599.19,197.66,38.70,93.08,1,-1,-1,-1
234,894,464.69,161.87,53.54,124.11,1,-1,-1,-1
234,885,5.11,25.66,222.85,438.58,1,-1,-1,-1
234,881,497.95,180.68,33.46,99.38,1,-1,-1,-1
234,880,261.95,119.07,80.35,224.01,1,-1,-1,-1
234,812,336.10,49.26,145.00,427.34,1,-1,-1,-1
235,895,608.10,216.32,31.55,81.06,1,-1,-1,-1
235,894,471.18,160.98,56.42,139.35,1,-1,-1,-1
235,885,4.88,29.07,216.98,436.06,1,-1,-1,-1
235,880,267.83,116.39,79.01,221.80,1,-1,-1,-1
235,812,344.43,55.50,143.71,422.12,1,-1,-1,-1
236,885,9.23,20.92,217.13,441.84,1,-1,-1,-1
236,880,269.21,117.88,82.24,218.27,1,-1,-1,-1
236,812,353.50,60.76,144.06,414.09,1,-1,-1,-1
237,885,18.56,22.28,231.10,441.16,1,-1,-1,-1
237,880,277.51,115.06,83.70,213.39,1,-1,-1,-1
237,812,361.41,63.34,150.37,408.92,1,-1,-1,-1
238,885,14.50,21.58,235.51,442.01,1,-1,-1,-1
238,880,284.78,118.46,85.02,207.15,1,-1,-1,-1
238,812,371.87,70.88,147.05,402.01,1,-1,-1,-1
239,900,595.38,196.81,27.74,65.40,1,-1,-1,-1
239,885,19.28,15.62,236.47,438.72,1,-1,-1,-1
239,880,295.31,117.80,84.99,205.76,1,-1,-1,-1
239,812,390.41,72.73,144.19,391.78,1,-1,-1,-1
240,904,250.00,147.21,38.98,125.57,1,-1,-1,-1
240,900,599.43,192.61,29.76,63.53,1,-1,-1,-1
240,885,31.42,18.35,230.89,436.75,1,-1,-1,-1
240,880,299.94,122.09,81.83,201.69,1,-1,-1,-1
240,812,403.23,74.66,145.04,383.61,1,-1,-1,-1
241,900,600.08,190.26,33.83,73.70,1,-1,-1,-1
241,885,38.27,24.38,230.17,435.58,1,-1,-1,-1
241,880,306.09,123.89,80.46,197.70,1,-1,-1,-1
241,812,415.68,75.82,141.24,377.30,1,-1,-1,-1
242,900,596.71,209.04,45.40,115.32,1,-1,-1,-1
242,885,37.55,30.63,229.81,428.35,1,-1,-1,-1
242,880,306.31,127.99,75.26,189.98,1,-1,-1,-1
242,812,423.42,74.33,142.26,380.89,1,-1,-1,-1
243,900,588.06,171.88,54.18,146.99,1,-1,-1,-1
243,885,41.15,18.95,227.48,435.71,1,-1,-1,-1
243,880,310.94,123.05,74.23,191.05,1,-1,-1,-1
243,812,423.31,75.41,136.74,378.97,1,-1,-1,-1
244,885,46.48,21.04,230.77,415.73,1,-1,-1,-1
244,880,310.26,122.71,70.83,189.89,1,-1,-1,-1
244,812,427.06,80.75,136.79,375.75,1,-1,-1,-1
245,907,394.85,170.12,27.42,95.95,1,-1,-1,-1
245,885,54.15,14.16,231.27,380.17,1,-1,-1,-1
245,880,309.20,123.64,72.75,189.54,1,-1,-1,-1
245,812,429.18,76.13,139.60,374.48,1,-1,-1,-1
246,907,391.03,170.29,26.19,94.06,1,-1,-1,-1
246,885,56.19,22.46,232.08,362.63,1,-1,-1,-1
246,880,315.18,123.18,71.87,187.12,1,-1,-1,-1
246,812,434.78,71.47,136.97,374.14,1,-1,-1,-1
247,910,533.55,-2.31,105.26,413.95,1,-1,-1,-1
247,885,63.09,18.74,233.10,351.30,1,-1,-1,-1
247,880,313.34,125.15,72.03,184.11,1,-1,-1,-1
247,812,441.52,59.38,134.05,381.09,1,-1,-1,-1
248,910,538.61,9.51,103.67,433.04,1,-1,-1,-1
248,885,67.59,28.89,233.19,362.03,1,-1,-1,-1
248,880,313.51,128.58,70.43,180.80,1,-1,-1,-1
248,812,449.47,57.99,134.99,388.01,1,-1,-1,-1
249,910,535.33,2.59,105.87,448.14,1,-1,-1,-1
249,909,382.99,167.12,26.36,100.32,1,-1,-1,-1
249,885,73.84,36.24,229.66,371.34,1,-1,-1,-1
249,880,315.08,125.62,68.89,180.60,1,-1,-1,-1
249,812,455.13,52.17,135.88,393.10,1,-1,-1,-1
250,913,410.30,166.77,31.87,122.98,1,-1,-1,-1
250,909,388.78,168.79,27.41,97.66,1,-1,-1,-1
250,885,90.66,31.64,222.71,388.01,1,-1,-1,-1
250,880,321.80,129.10,66.91,177.89,1,-1,-1,-1
250,812,474.05,36.69,144.20,392.81,1,-1,-1,-1
251,913,410.27,162.94,35.73,130.19,1,-1,-1,-1
251,885,93.27,23.55,225.45,360.75,1,-1,-1,-1
251,880,323.17,128.02,66.27,179.63,1,-1,-1,-1
251,812,476.86,43.62,144.19,397.18,1,-1,-1,-1
252,913,418.16,168.37,38.55,128.93,1,-1,-1,-1
252,885,105.74,17.41,217.69,352.90,1,-1,-1,-1
252,880,328.01,136.24,63.04,178.25,1,-1,-1,-1
252,812,481.84,42.36,149.10,396.53,1,-1,-1,-1
253,913,418.27,167.22,37.62,126.58,1,-1,-1,-1
253,885,113.28,52.95,217.05,366.35,1,-1,-1,-1
253,880,333.49,137.79,64.01,174.71,1,-1,-1,-1
253,812,501.95,47.27,141.73,405.19,1,-1,-1,-1
254,914,71.02,186.49,40.61,88.42,1,-1,-1,-1
254,913,420.52,168.03,40.35,125.35,1,-1,-1,-1
254,885,123.24,66.85,212.04,376.28,1,-1,-1,-1
254,880,336.09,141.41,60.86,173.79,1,-1,-1,-1
254,812,515.38,28.86,133.62,416.52,1,-1,-1,-1
255,914,66.21,188.49,35.66,83.70,1,-1,-1,-1
255,885,139.90,62.71,205.39,388.36,1,-1,-1,-1
255,880,346.37,143.73,58.08,173.00,1,-1,-1,-1
255,812,516.75,25.96,130.44,416.29,1,-1,-1,-1
256,916,447.58,149.11,62.38,195.05,1,-1,-1,-1
256,914,47.52,194.13,39.28,84.27,1,-1,-1,-1
256,885,146.16,65.65,204.61,393.28,1,-1,-1,-1
256,880,350.19,142.29,61.21,170.18,1,-1,-1,-1
256,812,521.04,19.37,126.13,403.74,1,-1,-1,-1
257,916,428.29,152.97,67.23,192.70,1,-1,-1,-1
257,914,33.42,193.07,43.93,85.11,1,-1,-1,-1
257,885,153.15,61.65,203.06,397.92,1,-1,-1,-1
257,880,348.07,140.13,60.60,163.75,1,-1,-1,-1
257,812,520.97,25.49,124.46,418.83,1,-1,-1,-1
258,918,58.87,129.85,70.52,176.90,1,-1,-1,-1
258,916,418.24,151.16,64.19,191.15,1,-1,-1,-1
258,914,21.10,183.46,46.53,87.09,1,-1,-1,-1
258,885,151.43,60.88,205.29,398.49,1,-1,-1,-1
258,880,346.58,140.70,57.53,157.83,1,-1,-1,-1
258,812,527.45,22.61,119.24,419.29,1,-1,-1,-1
259,918,36.34,132.06,79.74,189.60,1,-1,-1,-1
259,916,412.96,153.68,59.28,186.69,1,-1,-1,-1
259,885,163.88,60.31,194.90,398.28,1,-1,-1,-1
259,880,345.38,143.32,55.72,157.20,1,-1,-1,-1
259,812,525.64,17.33,118.38,411.37,1,-1,-1,-1
260,918,11.82,126.65,86.62,197.57,1,-1,-1,-1
260,916,394.67,142.20,63.19,202.81,1,-1,-1,-1
260,885,153.40,58.04,197.56,406.26,1,-1,-1,-1
260,880,339.36,148.13,53.32,157.10,1,-1,-1,-1
260,812,518.20,29.39,121.76,417.55,1,-1,-1,-1
261,918,-4.83,123.76,82.10,196.10,1,-1,-1,-1
261,916,373.90,131.08,77.18,231.05,1,-1,-1,-1
261,885,142.54,61.76,195.30,409.39,1,-1,-1,-1
261,880,331.26,154.43,50.26,156.22,1,-1,-1,-1
261,812,497.75,25.12,132.68,410.54,1,-1,-1,-1
262,916,354.62,127.46,81.02,236.74,1,-1,-1,-1
262,885,131.41,47.44,189.53,412.07,1,-1,-1,-1
262,880,322.56,158.32,49.07,155.96,1,-1,-1,-1
262,812,485.62,17.40,143.73,427.36,1,-1,-1,-1
263,916,328.64,122.57,87.96,248.54,1,-1,-1,-1
263,885,117.07,31.84,193.06,418.33,1,-1,-1,-1
263,812,467.81,15.57,157.54,427.88,1,-1,-1,-1
264,916,316.16,124.52,86.42,252.50,1,-1,-1,-1
264,885,102.41,34.21,199.13,422.83,1,-1,-1,-1
264,812,461.97,9.80,162.76,422.48,1,-1,-1,-1
265,916,298.55,135.10,80.88,251.23,1,-1,-1,-1
265,885,91.57,32.69,210.71,424.88,1,-1,-1,-1
265,812,457.40,12.85,171.21,439.32,1,-1,-1,-1
266,923,375.10,167.38,38.89,134.31,1,-1,-1,-1
266,916,282.45,119.87,82.44,262.31,1,-1,-1,-1
266,885,77.55,37.21,224.10,424.79,1,-1,-1,-1
266,812,447.96,10.59,180.94,450.87,1,-1,-1,-1
267,923,365.53,158.95,44.09,145.65,1,-1,-1,-1
267,885,68.26,43.19,234.02,417.27,1,-1,-1,-1
267,812,440.59,8.47,188.45,459.55,1,-1,-1,-1
268,923,359.34,147.63,48.98,155.43,1,-1,-1,-1
268,885,61.85,38.36,243.21,420.54,1,-1,-1,-1
268,812,438.73,6.40,192.09,465.38,1,-1,-1,-1
269,923,353.30,144.85,47.91,160.84,1,-1,-1,-1
269,885,51.90,30.18,253.97,431.03,1,-1,-1,-1
269,812,423.19,3.66,203.08,469.00,1,-1,-1,-1
270,925,314.77,118.36,44.09,159.54,1,-1,-1,-1
270,923,345.00,120.21,46.70,153.47,1,-1,-1,-1
270,885,47.78,33.19,249.02,434.10,1,-1,-1,-1
270,812,414.91,0.70,209.71,468.98,1,-1,-1,-1
271,923,333.52,100.91,52.16,160.46,1,-1,-1,-1
271,885,50.12,18.27,239.71,442.05,1,-1,-1,-1
271,812,412.85,-2.43,215.75,465.65,1,-1,-1,-1
272,923,321.55,70.47,52.93,169.19,1,-1,-1,-1
272,885,47.64,13.97,236.18,442.83,1,-1,-1,-1
272,812,404.94,-1.05,213.79,466.27,1,-1,-1,-1
273,923,316.19,69.15,53.50,166.36,1,-1,-1,-1
273,885,38.86,8.74,230.75,440.00,1,-1,-1,-1
273,812,399.43,1.41,209.18,469.15,1,-1,-1,-1
274,923,312.31,73.78,52.23,168.36,1,-1,-1,-1
274,885,41.09,12.24,234.14,441.72,1,-1,-1,-1
274,812,386.40,1.76,219.35,472.59,1,-1,-1,-1
275,929,266.28,119.63,43.94,130.20,1,-1,-1,-1
275,923,307.47,96.80,52.27,169.13,1,-1,-1,-1
275,885,32.47,12.88,233.73,447.66,1,-1,-1,-1
275,812,381.40,0.73,227.30,473.88,1,-1,-1,-1
276,931,301.12,98.90,44.30,86.47,1,-1,-1,-1
276,929,262.92,136.75,43.83,132.28,1,-1,-1,-1
276,923,306.10,121.27,51.41,169.95,1,-1,-1,-1
276,885,33.46,20.36,233.21,440.93,1,-1,-1,-1
276,812,385.64,0.96,230.75,475.89,1,-1,-1,-1
277,929,252.52,152.45,41.02,130.52,1,-1,-1,-1
277,923,296.24,140.63,53.96,169.49,1,-1,-1,-1
277,885,32.26,24.47,231.43,437.50,1,-1,-1,-1
277,812,389.30,0.73,231.73,477.27,1,-1,-1,-1
278,923,283.10,146.61,58.57,176.60,1,-1,-1,-1
278,885,24.30,31.77,218.67,436.23,1,-1,-1,-1
278,812,387.92,-1.99,233.09,474.73,1,-1,-1,-1
279,923,268.42,161.37,61.42,181.42,1,-1,-1,-1
279,885,15.24,40.91,215.26,427.34,1,-1,-1,-1
279,812,387.01,-0.09,228.85,476.22,1,-1,-1,-1
280,923,251.35,166.53,58.96,180.89,1,-1,-1,-1
280,885,5.22,41.58,203.78,421.26,1,-1,-1,-1
280,812,370.40,-2.77,231.92,472.88,1,-1,-1,-1
281,934,139.78,139.88,68.47,205.28,1,-1,-1,-1
281,923,255.67,140.78,55.49,172.59,1,-1,-1,-1
281,885,-8.59,37.31,184.82,427.39,1,-1,-1,-1
281,812,342.97,-0.08,229.30,474.90,1,-1,-1,-1
282,938,508.30,7.92,106.06,388.13,1,-1,-1,-1
282,934,121.34,137.90,60.77,190.47,1,-1,-1,-1
282,923,254.18,135.14,51.39,171.43,1,-1,-1,-1
282,885,-17.55,34.41,157.86,428.36,1,-1,-1,-1
282,812,330.06,0.42,235.74,476.72,1,-1,-1,-1
283,938,503.02,23.52,111.70,395.94,1,-1,-1,-1
283,934,100.86,150.42,54.44,173.27,1,-1,-1,-1
283,923,255.91,140.89,49.74,168.56,1,-1,-1,-1
283,885,-13.40,30.30,139.52,427.28,1,-1,-1,-1
283,812,338.03,5.25,239.98,474.15,1,-1,-1,-1
284,923,265.99,145.29,46.46,166.59,1,-1,-1,-1
284,885,-7.60,29.88,132.83,426.86,1,-1,-1,-1
284,812,359.66,-0.70,238.18,471.14,1,-1,-1,-1
285,942,154.07,108.99,105.35,280.07,1,-1,-1,-1
285,885,-6.51,24.34,130.49,436.14,1,-1,-1,-1
285,812,381.15,3.52,240.17,470.04,1,-1,-1,-1
286,945,171.45,103.15,62.40,116.73,1,-1,-1,-1
286,943,319.82,66.94,106.36,321.36,1,-1,-1,-1
286,942,162.03,107.56,99.88,279.33,1,-1,-1,-1
286,885,-3.51,22.72,126.35,442.45,1,-1,-1,-1
286,812,406.77,2.96,231.52,472.49,1,-1,-1,-1
287,946,124.89,166.86,48.72,153.48,1,-1,-1,-1
287,945,174.60,103.63,69.57,127.51,1,-1,-1,-1
287,943,351.02,57.33,135.60,393.42,1,-1,-1,-1
287,942,171.19,114.35,102.65,286.12,1,-1,-1,-1
287,885,-0.15,16.74,122.87,449.08,1,-1,-1,-1
287,812,435.79,7.32,215.24,471.50,1,-1,-1,-1
288,946,127.02,154.99,52.10,166.67,1,-1,-1,-1
288,945,178.25,93.40,72.33,126.17,1,-1,-1,-1
288,943,375.44,54.34,148.11,425.47,1,-1,-1,-1
288,942,177.79,114.16,102.33,289.61,1,-1,-1,-1
288,923,249.79,170.80,44.38,157.95,1,-1,-1,-1
288,885,3.99,22.55,124.17,447.70,1,-1,-1,-1
288,812,465.22,4.67,191.84,472.50,1,-1,-1,-1
289,946,140.02,158.78,52.63,168.92,1,-1,-1,-1
289,945,188.47,97.08,72.68,129.29,1,-1,-1,-1
289,943,401.36,50.04,159.52,445.26,1,-1,-1,-1
289,942,184.04,112.31,103.69,306.81,1,-1,-1,-1
289,885,14.83,33.08,134.01,441.04,1,-1,-1,-1
289,812,505.06,15.19,162.44,467.45,1,-1,-1,-1
290,948,369.13,61.95,112.59,322.38,1,-1,-1,-1
290,946,153.02,158.68,52.43,163.85,1,-1,-1,-1
290,945,201.67,96.34,72.40,134.11,1,-1,-1,-1
290,943,410.18,31.64,189.50,469.38,1,-1,-1,-1
290,942,207.42,128.57,99.11,302.14,1,-1,-1,-1
290,885,16.84,32.99,135.62,435.17,1,-1,-1,-1
290,812,525.22,14.87,139.02,452.12,1,-1,-1,-1
291,948,382.18,46.29,112.41,345.84,1,-1,-1,-1
291,946,161.40,157.58,50.97,166.03,1,-1,-1,-1
291,945,218.90,92.78,73.88,137.61,1,-1,-1,-1
291,943,419.46,21.18,208.91,478.64,1,-1,-1,-1
291,942,217.66,118.01,99.45,315.34,1,-1,-1,-1
291,885,23.38,20.96,134.06,440.49,1,-1,-1,-1
292,950,315.47,170.57,55.01,181.44,1,-1,-1,-1
292,946,164.47,163.74,48.83,165.84,1,-1,-1,-1
292,943,424.74,10.53,215.36,475.99,1,-1,-1,-1
292,942,228.38,107.86,101.31,334.00,1,-1,-1,-1
292,885,28.69,13.49,147.46,440.59,1,-1,-1,-1
293,950,332.40,168.47,54.57,181.88,1,-1,-1,-1
293,943,422.27,-6.77,220.27,480.32,1,-1,-1,-1
293,942,234.36,92.23,107.52,352.56,1,-1,-1,-1
293,885,31.20,20.44,153.46,433.43,1,-1,-1,-1
294,950,353.25,162.00,58.65,173.83,1,-1,-1,-1
294,943,421.70,-5.87,202.74,471.14,1,-1,-1,-1
294,942,241.73,78.29,114.55,372.78,1,-1,-1,-1
294,885,38.50,35.38,157.86,424.68,1,-1,-1,-1
295,955,213.09,177.97,41.58,131.64,1,-1,-1,-1
295,950,372.46,164.29,57.78,168.66,1,-1,-1,-1
295,943,427.94,-6.07,193.60,466.71,1,-1,-1,-1
295,942,248.57,79.99,120.85,383.85,1,-1,-1,-1
295,885,42.84,43.79,159.81,416.48,1,-1,-1,-1
296,955,219.71,185.66,38.26,117.78,1,-1,-1,-1
296,950,385.12,166.26,56.30,166.66,1,-1,-1,-1
296,943,441.94,-6.77,189.13,468.67,1,-1,-1,-1
296,942,252.15,68.11,121.37,391.68,1,-1,-1,-1
296,885,33.46,47.63,171.50,413.33,1,-1,-1,-1
297,955,227.19,193.13,35.37,111.46,1,-1,-1,-1
297,950,395.36,163.36,58.49,173.72,1,-1,-1,-1
297,943,452.19,0.42,176.37,473.43,1,-1,-1,-1
297,942,250.12,51.06,126.89,409.07,1,-1,-1,-1
297,885,48.40,30.75,171.37,420.05,1,-1,-1,-1
298,959,-6.62,113.75,86.49,311.64,1,-1,-1,-1
298,950,406.95,158.06,66.94,183.97,1,-1,-1,-1
298,943,468.84,2.74,172.66,478.72,1,-1,-1,-1
298,942,246.59,82.31,133.11,397.39,1,-1,-1,-1
298,885,43.22,49.36,182.50,407.18,1,-1,-1,-1
299,959,-2.68,131.40,72.05,266.55,1,-1,-1,-1
299,950,414.82,158.42,80.30,185.34,1,-1,-1,-1
299,943,476.01,-2.89,169.28,482.05,1,-1,-1,-1
299,942,249.13,101.62,135.28,381.75,1,-1,-1,-1
299,885,44.08,53.78,201.58,402.09,1,-1,-1,-1
300,959,-4.88,145.36,61.01,232.81,1,-1,-1,-1
300,950,427.88,160.52,78.10,182.01,1,-1,-1,-1
300,943,480.67,-5.67,166.06,483.88,1,-1,-1,-1
300,942,242.83,99.65,140.73,380.48,1,-1,-1,-1
300,885,64.35,44.37,224.50,419.38,1,-1,-1,-1
301,959,-3.01,142.82,54.14,209.39,1,-1,-1,-1
301,950,437.88,162.37,74.12,181.15,1,-1,-1,-1
301,943,488.89,-8.34,160.23,482.05,1,-1,-1,-1
301,942,240.69,121.20,137.07,366.07,1,-1,-1,-1
301,885,96.94,33.89,228.45,431.91,1,-1,-1,-1
302,964,372.58,152.08,55.14,159.19,1,-1,-1,-1
302,959,5.27,154.20,51.52,173.36,1,-1,-1,-1
302,950,447.50,160.42,71.03,172.82,1,-1,-1,-1
302,943,493.72,-8.50,154.45,480.78,1,-1,-1,-1
302,885,111.63,27.44,232.76,440.35,1,-1,-1,-1
303,964,375.88,155.19,55.53,154.25,1,-1,-1,-1
303,959,12.56,151.50,48.94,161.94,1,-1,-1,-1
303,950,456.49,160.77,65.75,169.71,1,-1,-1,-1
303,943,502.75,-10.55,145.04,461.27,1,-1,-1,-1
303,885,122.61,60.00,225.22,420.72,1,-1,-1,-1
304,964,380.70,149.38,53.12,152.96,1,-1,-1,-1
304,950,459.37,160.58,65.16,174.30,1,-1,-1,-1
304,943,514.59,-1.54,135.01,441.87,1,-1,-1,-1
304,885,110.90,73.13,211.84,404.29,1,-1,-1,-1
305,967,343.17,189.94,36.17,123.06,1,-1,-1,-1
305,966,0.43,88.09,99.17,291.72,1,-1,-1,-1
305,964,385.23,151.22,50.60,154.19,1,-1,-1,-1
305,950,462.85,162.91,66.56,173.22,1,-1,-1,-1
305,943,514.07,6.90,128.61,417.77,1,-1,-1,-1
305,885,62.37,59.53,219.11,403.53,1,-1,-1,-1
306,969,307.16,164.39,47.66,159.61,1,-1,-1,-1
306,967,348.78,190.30,37.68,127.55,1,-1,-1,-1
306,964,388.54,151.65,50.87,158.26,1,-1,-1,-1
306,950,465.91,165.16,63.75,173.89,1,-1,-1,-1
306,943,509.81,57.72,122.81,371.39,1,-1,-1,-1
306,885,26.87,59.93,223.96,397.77,1,-1,-1,-1
307,969,304.63,159.60,47.09,158.15,1,-1,-1,-1
307,967,351.48,187.20,38.33,130.90,1,-1,-1,-1
307,964,389.70,155.65,49.08,153.35,1,-1,-1,-1
307,950,473.52,163.26,61.36,174.38,1,-1,-1,-1
307,943,500.91,95.80,127.62,324.26,1,-1,-1,-1
307,885,32.66,42.35,232.20,403.11,1,-1,-1,-1
308,971,254.40,152.91,44.98,138.00,1,-1,-1,-1
308,969,309.57,159.74,47.56,158.59,1,-1,-1,-1
308,967,356.62,182.19,36.98,130.50,1,-1,-1,-1
308,964,393.49,155.56,48.05,148.38,1,-1,-1,-1
308,943,495.52,103.69,129.42,305.88,1,-1,-1,-1
308,885,87.94,49.75,204.70,396.01,1,-1,-1,-1
309,969,311.40,151.22,50.45,169.99,1,-1,-1,-1
309,967,362.54,180.48,35.93,128.82,1,-1,-1,-1
309,964,402.42,166.35,47.76,141.52,1,-1,-1,-1
309,943,491.37,109.19,132.02,296.03,1,-1,-1,-1
309,885,97.77,52.12,196.31,385.73,1,-1,-1,-1
310,969,309.32,151.45,55.94,176.06,1,-1,-1,-1
310,967,364.69,182.49,38.71,133.77,1,-1,-1,-1
310,964,400.39,165.12,48.39,145.07,1,-1,-1,-1
310,943,490.98,114.56,128.85,289.12,1,-1,-1,-1
310,885,111.28,59.52,183.37,392.64,1,-1,-1,-1
311,969,310.86,159.73,56.26,173.07,1,-1,-1,-1
311,967,365.93,185.44,40.89,136.91,1,-1,-1,-1
311,964,402.67,170.00,48.05,145.86,1,-1,-1,-1
311,943,491.89,122.14,128.91,292.95,1,-1,-1,-1
311,885,120.48,56.44,173.75,393.01,1,-1,-1,-1
312,976,454.61,168.35,42.15,135.44,1,-1,-1,-1
312,969,312.17,156.91,58.64,180.73,1,-1,-1,-1
312,967,368.75,185.52,42.88,139.53,1,-1,-1,-1
312,964,404.96,169.08,48.12,153.58,1,-1,-1,-1
312,943,489.44,117.88,128.43,300.33,1,-1,-1,-1
312,885,117.65,60.17,172.60,391.92,1,-1,-1,-1
313,978,-6.95,45.27,111.89,378.03,1,-1,-1,-1
313,976,444.99,166.22,40.19,130.57,1,-1,-1,-1
313,969,314.07,158.06,57.41,180.69,1,-1,-1,-1
313,967,371.03,185.54,43.29,142.03,1,-1,-1,-1
313,964,403.91,165.83,47.33,152.85,1,-1,-1,-1
313,943,487.39,118.41,131.59,315.10,1,-1,-1,-1
313,885,115.51,59.82,172.34,392.67,1,-1,-1,-1
314,978,4.78,27.56,114.46,395.80,1,-1,-1,-1
314,976,439.24,164.33,40.81,133.19,1,-1,-1,-1
314,969,313.06,154.38,58.88,184.45,1,-1,-1,-1
314,967,368.31,183.03,43.12,143.45,1,-1,-1,-1
314,964,404.46,162.41,48.19,153.52,1,-1,-1,-1
314,943,483.91,109.78,134.59,328.49,1,-1,-1,-1
314,885,100.48,73.00,180.07,390.20,1,-1,-1,-1
315,969,316.84,158.13,57.85,182.01,1,-1,-1,-1
315,967,370.12,185.64,42.30,144.27,1,-1,-1,-1
315,964,409.67,159.66,51.03,158.62,1,-1,-1,-1
315,943,483.81,107.44,137.31,344.17,1,-1,-1,-1
315,885,101.30,63.59,189.32,396.01,1,-1,-1,-1
316,969,323.56,152.46,58.53,183.65,1,-1,-1,-1
316,967,375.23,189.05,42.39,144.92,1,-1,-1,-1
316,943,487.68,86.37,140.38,365.26,1,-1,-1,-1
316,885,95.49,64.53,195.97,395.90,1,-1,-1,-1
317,969,327.82,153.02,61.33,191.28,1,-1,-1,-1
317,967,389.73,185.78,45.67,149.22,1,-1,-1,-1
317,943,494.58,67.01,140.13,387.40,1,-1,-1,-1
317,885,114.72,55.15,185.84,402.94,1,-1,-1,-1
318,983,37.31,156.17,48.83,152.44,1,-1,-1,-1
318,969,331.18,150.94,64.48,197.86,1,-1,-1,-1
318,967,398.92,183.01,47.15,153.51,1,-1,-1,-1
318,943,499.04,53.67,137.61,393.95,1,-1,-1,-1
318,885,112.90,51.88,190.51,406.23,1,-1,-1,-1
319,983,41.24,157.55,49.14,157.19,1,-1,-1,-1
319,969,333.98,149.49,70.96,198.95,1,-1,-1,-1
319,967,411.76,181.68,46.61,151.49,1,-1,-1,-1
319,964,442.82,164.52,49.06,160.99,1,-1,-1,-1
319,943,510.83,35.17,132.85,413.69,1,-1,-1,-1
319,885,113.75,54.35,192.16,408.03,1,-1,-1,-1
320,983,45.19,151.76,52.77,164.09,1,-1,-1,-1
320,969,343.79,140.38,72.94,204.69,1,-1,-1,-1
320,964,437.81,171.14,50.87,161.36,1,-1,-1,-1
320,943,512.76,27.34,130.94,418.42,1,-1,-1,-1
320,885,121.71,76.03,201.81,390.72,1,-1,-1,-1
321,983,54.46,145.26,51.34,164.28,1,-1,-1,-1
321,969,356.42,132.38,73.44,212.00,1,-1,-1,-1
321,964,454.09,171.38,52.49,161.32,1,-1,-1,-1
321,943,526.63,16.92,122.00,380.92,1,-1,-1,-1
321,885,136.18,63.64,199.97,397.72,1,-1,-1,-1
322,983,62.01,134.16,52.82,167.62,1,-1,-1,-1
322,969,376.26,125.09,71.22,219.04,1,-1,-1,-1
322,964,469.38,167.29,59.02,156.75,1,-1,-1,-1
322,885,165.28,48.21,184.56,409.54,1,-1,-1,-1
323,983,74.79,130.31,56.96,175.65,1,-1,-1,-1
323,969,400.25,111.20,68.15,216.07,1,-1,-1,-1
323,964,484.62,163.88,57.06,159.70,1,-1,-1,-1
323,885,183.17,46.03,184.00,418.54,1,-1,-1,-1
324,986,154.30,105.93,61.42,218.95,1,-1,-1,-1
324,983,81.04,127.94,57.89,181.16,1,-1,-1,-1
324,969,413.55,105.18,69.81,228.52,1,-1,-1,-1
324,964,504.70,153.51,60.51,168.11,1,-1,-1,-1
324,885,198.11,45.80,181.12,423.77,1,-1,-1,-1
325,988,369.75,140.12,60.69,188.29,1,-1,-1,-1
325,986,142.59,90.62,68.56,238.26,1,-1,-1,-1
325,983,84.46,123.73,56.08,173.98,1,-1,-1,-1
325,969,423.17,107.42,71.52,229.70,1,-1,-1,-1
325,964,516.19,150.65,64.92,177.95,1,-1,-1,-1
325,885,204.80,33.37,180.36,422.55,1,-1,-1,-1
326,988,377.35,142.50,59.12,189.95,1,-1,-1,-1
326,986,130.29,88.67,71.18,246.66,1,-1,-1,-1
326,983,81.29,127.72,57.11,169.95,1,-1,-1,-1
326,969,425.69,102.57,76.72,239.69,1,-1,-1,-1
326,964,523.61,130.97,74.31,197.19,1,-1,-1,-1
326,885,211.04,29.87,180.62,421.71,1,-1,-1,-1
327,988,384.77,139.29,52.23,178.34,1,-1,-1,-1
327,986,118.97,86.71,74.46,257.86,1,-1,-1,-1
327,983,77.53,124.10,57.71,172.34,1,-1,-1,-1
327,969,439.32,100.89,74.01,244.10,1,-1,-1,-1
327,964,536.16,123.47,82.07,201.59,1,-1,-1,-1
327,885,221.43,20.62,181.87,428.49,1,-1,-1,-1
328,988,390.10,138.60,55.19,190.50,1,-1,-1,-1
328,986,91.98,71.23,87.39,277.38,1,-1,-1,-1
328,969,446.92,99.85,83.10,244.29,1,-1,-1,-1
328,964,551.63,123.63,82.42,206.12,1,-1,-1,-1
328,885,215.57,16.80,188.57,429.91,1,-1,-1,-1
329,988,397.10,132.59,56.70,185.43,1,-1,-1,-1
329,986,72.55,65.24,92.36,286.40,1,-1,-1,-1
329,969,441.27,101.51,87.97,244.42,1,-1,-1,-1
329,964,554.77,119.70,85.22,211.12,1,-1,-1,-1
329,885,214.67,21.06,192.34,434.96,1,-1,-1,-1
330,988,396.68,139.91,59.90,181.02,1,-1,-1,-1
330,986,57.71,65.12,92.81,298.21,1,-1,-1,-1
330,969,437.80,108.01,91.63,244.73,1,-1,-1,-1
330,964,556.71,122.83,86.27,214.79,1,-1,-1,-1
330,885,221.77,43.30,195.81,424.50,1,-1,-1,-1
331,998,521.34,126.98,33.79,120.45,1,-1,-1,-1
331,988,403.40,139.16,56.38,177.63,1,-1,-1,-1
331,986,42.05,57.98,94.94,312.02,1,-1,-1,-1
331,969,444.82,109.77,90.04,247.98,1,-1,-1,-1
331,964,559.96,114.83,84.74,222.76,1,-1,-1,-1
331,885,234.62,36.18,192.76,432.63,1,-1,-1,-1
332,988,415.77,127.06,52.61,143.80,1,-1,-1,-1
332,986,16.96,45.73,102.07,322.89,1,-1,-1,-1
332,969,455.13,98.78,85.92,250.30,1,-1,-1,-1
332,964,559.88,102.45,83.34,227.69,1,-1,-1,-1
332,885,243.69,30.50,193.08,435.23,1,-1,-1,-1
333,988,418.16,140.15,52.23,153.22,1,-1,-1,-1
333,986,1.76,35.36,105.47,331.88,1,-1,-1,-1
333,969,456.88,95.58,89.32,256.60,1,-1,-1,-1
333,964,566.57,102.06,76.36,228.40,1,-1,-1,-1
333,885,241.51,36.46,196.37,427.11,1,-1,-1,-1
334,988,425.96,147.26,53.79,167.21,1,-1,-1,-1
334,986,-3.26,36.05,98.20,328.16,1,-1,-1,-1
334,969,463.34,90.06,91.07,263.18,1,-1,-1,-1
334,964,571.69,102.24,70.81,229.17,1,-1,-1,-1
334,885,237.59,21.65,196.34,431.70,1,-1,-1,-1
335,988,424.12,148.67,58.17,176.86,1,-1,-1,-1
335,986,-10.57,39.94,87.45,320.13,1,-1,-1,-1
335,969,454.87,93.09,97.60,267.07,1,-1,-1,-1
335,964,572.27,98.13,70.52,232.65,1,-1,-1,-1
335,885,235.24,30.11,197.72,436.43,1,-1,-1,-1
336,988,426.78,140.79,59.26,187.60,1,-1,-1,-1
336,969,455.25,81.49,102.01,271.83,1,-1,-1,-1
336,964,571.21,97.36,71.34,236.06,1,-1,-1,-1
336,885,238.02,25.98,194.25,435.93,1,-1,-1,-1
337,988,425.54,138.33,65.57,200.22,1,-1,-1,-1
337,969,453.92,81.55,109.95,277.40,1,-1,-1,-1
337,964,579.45,90.66,64.07,233.01,1,-1,-1,-1
337,885,236.31,18.70,192.01,442.77,1,-1,-1,-1
338,1002,19.96,129.85,59.93,163.86,1,-1,-1,-1
338,988,435.72,130.81,63.85,208.61,1,-1,-1,-1
338,969,465.26,72.58,112.37,282.69,1,-1,-1,-1
338,964,589.38,87.73,57.38,227.33,1,-1,-1,-1
338,885,232.38,30.31,193.84,439.55,1,-1,-1,-1
339,1002,20.89,130.40,59.00,160.75,1,-1,-1,-1
339,969,459.19,78.81,119.18,282.65,1,-1,-1,-1
339,964,591.12,89.95,54.88,212.48,1,-1,-1,-1
339,885,233.82,25.85,193.73,437.19,1,-1,-1,-1
340,1002,15.34,125.66,64.78,166.37,1,-1,-1,-1
340,969,468.72,82.03,122.84,286.97,1,-1,-1,-1
340,964,596.65,97.76,50.07,207.67,1,-1,-1,-1
340,885,236.95,11.14,195.28,440.68,1,-1,-1,-1
341,1002,23.89,126.30,69.02,170.49,1,-1,-1,-1
341,969,483.11,75.88,124.65,293.13,1,-1,-1,-1
341,885,233.86,13.41,201.46,441.11,1,-1,-1,-1
342,1002,25.76,128.64,70.97,172.48,1,-1,-1,-1
342,988,437.21,109.89,59.27,218.08,1,-1,-1,-1
342,969,496.99,72.51,127.94,299.76,1,-1,-1,-1
342,885,235.15,7.62,201.11,445.95,1,-1,-1,-1
343,1002,37.72,129.33,67.56,173.84,1,-1,-1,-1
343,988,442.76,105.63,57.44,212.73,1,-1,-1,-1
343,969,523.51,62.19,118.99,305.62,1,-1,-1,-1
343,885,249.92,3.64,197.52,447.84,1,-1,-1,-1
344,1006,217.73,178.57,35.89,87.17,1,-1,-1,-1
344,1002,46.38,130.67,62.94,170.83,1,-1,-1,-1
344,988,452.18,98.98,55.97,204.55,1,-1,-1,-1
344,969,537.59,60.99,111.64,311.54,1,-1,-1,-1
344,885,259.30,4.30,196.02,445.56,1,-1,-1,-1
345,1008,532.66,120.61,54.94,143.03,1,-1,-1,-1
345,1007,5.20,115.29,53.36,177.15,1,-1,-1,-1
345,1006,212.77,171.64,38.23,94.16,1,-1,-1,-1
345,1002,52.59,132.59,61.28,170.75,1,-1,-1,-1
345,988,455.82,97.08,56.07,207.38,1,-1,-1,-1
345,969,530.12,73.06,113.05,316.46,1,-1,-1,-1
345,885,273.77,9.93,198.05,443.66,1,-1,-1,-1
346,1008,552.42,114.17,52.96,133.71,1,-1,-1,-1
346,1007,9.38,124.13,63.33,183.06,1,-1,-1,-1
346,1006,210.74,171.98,45.43,103.33,1,-1,-1,-1
346,1002,62.51,128.02,61.52,175.74,1,-1,-1,-1
346,988,460.29,92.97,59.47,206.94,1,-1,-1,-1
346,969,531.51,85.09,106.16,307.54,1,-1,-1,-1
346,885,295.31,10.98,201.41,445.82,1,-1,-1,-1
347,1008,572.22,116.56,56.13,126.34,1,-1,-1,-1
347,1007,22.69,131.85,61.62,177.53,1,-1,-1,-1
347,1006,210.97,173.16,52.22,105.49,1,-1,-1,-1
347,1002,79.49,130.87,56.97,171.07,1,-1,-1,-1
347,969,550.66,131.73,96.38,280.16,1,-1,-1,-1
347,885,308.61,8.51,212.14,427.69,1,-1,-1,-1
348,1008,585.48,116.11,48.11,118.60,1,-1,-1,-1
348,1007,35.07,127.94,60.51,169.39,1,-1,-1,-1
348,1006,210.52,172.39,51.29,104.14,1,-1,-1,-1
348,1002,90.24,132.47,56.53,171.84,1,-1,-1,-1
348,969,565.05,117.53,86.51,280.10,1,-1,-1,-1
348,885,322.46,10.65,212.24,436.05,1,-1,-1,-1
349,1007,44.24,126.65,59.53,169.48,1,-1,-1,-1
349,1006,204.98,170.05,51.11,106.93,1,-1,-1,-1
349,1002,100.92,134.86,56.34,165.65,1,-1,-1,-1
349,885,326.45,6.12,215.93,439.22,1,-1,-1,-1
350,1007,49.68,129.79,63.97,175.62,1,-1,-1,-1
350,1006,201.62,171.10,49.81,105.70,1,-1,-1,-1
350,1002,111.86,137.96,54.28,163.83,1,-1,-1,-1
350,885,338.73,6.29,215.40,445.76,1,-1,-1,-1
351,1007,52.40,123.18,66.90,176.22,1,-1,-1,-1
351,1006,196.69,173.34,46.89,105.24,1,-1,-1,-1
351,1002,123.38,134.35,49.85,161.61,1,-1,-1,-1
351,885,339.40,7.64,214.15,453.70,1,-1,-1,-1
352,1012,509.99,61.05,101.86,359.56,1,-1,-1,-1
352,1007,62.76,125.21,69.97,172.77,1,-1,-1,-1
352,1006,196.68,172.65,45.16,105.99,1,-1,-1,-1
352,1002,127.56,131.93,49.40,164.68,1,-1,-1,-1
352,885,343.85,7.64,215.13,455.72,1,-1,-1,-1
353,1012,516.83,44.35,111.75,379.57,1,-1,-1,-1
353,1007,75.19,132.33,70.97,167.62,1,-1,-1,-1
353,1006,198.13,166.46,44.40,106.27,1,-1,-1,-1
353,1002,144.35,126.92,47.89,163.78,1,-1,-1,-1
353,885,350.28,4.11,214.70,454.51,1,-1,-1,-1
354,1012,519.04,36.81,118.88,397.13,1,-1,-1,-1
354,1007,83.11,130.69,66.82,166.80,1,-1,-1,-1
354,1006,194.93,163.49,44.16,111.27,1,-1,-1,-1
354,1002,151.48,126.07,48.43,164.82,1,-1,-1,-1
354,885,349.17,3.67,214.68,457.94,1,-1,-1,-1
355,1015,-5.34,99.61,78.82,244.93,1,-1,-1,-1
355,1012,532.62,28.86,114.50,409.30,1,-1,-1,-1
355,1007,101.56,135.59,64.84,168.07,1,-1,-1,-1
355,1002,164.15,132.30,55.16,167.36,1,-1,-1,-1
355,885,342.74,9.98,219.42,456.22,1,-1,-1,-1
356,1015,-5.25,76.89,81.54,280.83,1,-1,-1,-1
356,1012,539.40,29.24,110.15,417.65,1,-1,-1,-1
356,1007,113.94,134.84,62.11,168.71,1,-1,-1,-1
356,1002,170.87,131.85,55.16,165.19,1,-1,-1,-1
356,885,357.16,16.50,222.83,453.56,1,-1,-1,-1
357,1015,-1.64,44.66,92.93,327.60,1,-1,-1,-1
357,1012,545.64,27.26,104.04,405.23,1,-1,-1,-1
357,1007,121.27,123.87,63.09,175.55,1,-1,-1,-1
357,1002,176.33,131.17,55.69,167.78,1,-1,-1,-1
357,885,340.19,12.10,227.89,450.32,1,-1,-1,-1
358,1016,543.02,36.55,76.15,138.13,1,-1,-1,-1
358,1015,-1.05,39.39,96.52,339.78,1,-1,-1,-1
358,1012,538.45,21.18,105.28,402.74,1,-1,-1,-1
358,1007,123.72,130.10,61.84,171.74,1,-1,-1,-1
358,1002,183.02,132.32,56.22,168.79,1,-1,-1,-1
358,885,333.24,6.92,227.16,454.51,1,-1,-1,-1
359,1016,541.53,43.57,76.68,145.68,1,-1,-1,-1
359,1015,-2.06,56.44,96.61,344.55,1,-1,-1,-1
359,1012,540.14,39.93,101.12,403.97,1,-1,-1,-1
359,1007,127.84,145.99,61.24,166.62,1,-1,-1,-1
359,1002,183.88,145.04,55.15,169.02,1,-1,-1,-1
359,885,334.20,6.67,228.29,455.08,1,-1,-1,-1
360,1016,547.73,44.04,78.41,153.17,1,-1,-1,-1
360,1015,-0.36,65.87,100.68,349.31,1,-1,-1,-1
360,1012,533.97,37.88,103.49,411.65,1,-1,-1,-1
360,1007,130.96,160.22,60.03,161.14,1,-1,-1,-1
360,1002,188.95,154.54,52.85,167.72,1,-1,-1,-1
360,885,333.39,17.86,233.87,452.00,1,-1,-1,-1
361,1015,-3.09,64.11,96.60,345.91,1,-1,-1,-1
361,1012,534.91,25.81,103.18,419.13,1,-1,-1,-1
361,1007,130.32,162.76,59.78,158.20,1,-1,-1,-1
361,1002,188.32,155.25,51.56,167.81,1,-1,-1,-1
361,885,335.70,14.78,230.28,451.24,1,-1,-1,-1
362,1015,-2.32,61.86,96.77,343.56,1,-1,-1,-1
362,1012,530.25,21.35,108.25,431.00,1,-1,-1,-1
362,1007,127.52,160.26,58.32,156.57,1,-1,-1,-1
362,1002,185.17,152.69,53.08,171.26,1,-1,-1,-1
362,885,336.56,17.45,234.28,448.26,1,-1,-1,-1
363,1015,0.46,60.03,101.73,347.38,1,-1,-1,-1
363,1012,529.54,18.36,108.39,437.96,1,-1,-1,-1
363,1007,135.66,153.91,54.44,158.16,1,-1,-1,-1
363,1002,184.45,158.85,53.84,166.00,1,-1,-1,-1
363,885,334.82,11.75,234.03,448.59,1,-1,-1,-1
364,1015,1.78,58.32,107.27,353.99,1,-1,-1,-1
364,1012,531.40,1.14,107.74,408.43,1,-1,-1,-1
364,1007,147.73,160.53,49.47,158.42,1,-1,-1,-1
364,1002,188.87,164.24,53.59,160.96,1,-1,-1,-1
364,885,360.34,7.63,223.83,452.70,1,-1,-1,-1
365,1015,5.14,60.31,114.71,344.89,1,-1,-1,-1
365,1012,535.24,-5.25,106.39,380.47,1,-1,-1,-1
365,1007,148.06,166.00,50.64,163.81,1,-1,-1,-1
365,1002,195.13,166.59,53.40,165.87,1,-1,-1,-1
365,885,360.27,11.61,226.03,454.95,1,-1,-1,-1
366,1015,1.28,48.93,113.79,334.49,1,-1,-1,-1
366,1012,552.10,-0.51,95.79,357.41,1,-1,-1,-1
366,1007,141.80,161.93,53.41,159.41,1,-1,-1,-1
366,1002,195.81,158.34,56.71,167.07,1,-1,-1,-1
366,885,358.18,13.38,223.18,451.57,1,-1,-1,-1
367,1015,2.26,45.36,112.52,317.22,1,-1,-1,-1
367,1007,142.11,153.42,54.04,156.77,1,-1,-1,-1
367,1002,200.51,146.00,54.46,171.55,1,-1,-1,-1
367,885,361.83,11.17,224.10,455.22,1,-1,-1,-1
368,1015,2.84,52.09,116.26,316.27,1,-1,-1,-1
368,1007,150.88,153.34,55.76,157.72,1,-1,-1,-1
368,1002,214.09,147.08,54.88,164.89,1,-1,-1,-1
368,885,367.24,9.71,219.77,453.07,1,-1,-1,-1
369,1015,4.81,61.27,119.84,317.96,1,-1,-1,-1
369,1007,168.61,154.89,55.27,160.06,1,-1,-1,-1
369,1002,225.12,153.09,53.23,163.95,1,-1,-1,-1
369,885,383.94,17.66,210.93,453.26,1,-1,-1,-1
370,1015,2.57,72.81,123.17,321.77,1,-1,-1,-1
370,1007,179.61,158.90,52.72,159.47,1,-1,-1,-1
370,1002,229.83,158.18,55.96,159.96,1,-1,-1,-1
370,885,391.47,12.48,209.93,457.85,1,-1,-1,-1
371,1015,4.76,73.97,128.96,324.99,1,-1,-1,-1
371,1007,185.43,158.17,51.96,162.34,1,-1,-1,-1
371,1002,232.96,156.19,55.17,164.52,1,-1,-1,-1
371,885,398.25,13.49,208.01,455.18,1,-1,-1,-1
372,1015,7.44,63.12,133.48,323.83,1,-1,-1,-1
372,1007,195.25,154.43,51.48,164.79,1,-1,-1,-1
372,1002,245.39,157.90,53.75,163.03,1,-1,-1,-1
372,885,401.38,17.85,214.87,443.86,1,-1,-1,-1
373,1015,10.03,66.36,137.81,325.98,1,-1,-1,-1
373,1007,203.32,158.45,50.96,164.72,1,-1,-1,-1
373,1002,251.54,158.43,51.98,162.94,1,-1,-1,-1
373,885,412.48,19.78,217.73,437.10,1,-1,-1,-1
374,1015,16.32,65.18,139.46,323.71,1,-1,-1,-1
374,1007,208.14,162.94,54.05,155.55,1,-1,-1,-1
374,1002,262.17,153.40,50.82,169.23,1,-1,-1,-1
374,885,416.66,25.20,219.81,436.00,1,-1,-1,-1
375,1015,16.91,74.88,143.84,321.93,1,-1,-1,-1
375,1007,214.49,164.81,54.05,153.59,1,-1,-1,-1
375,1002,272.16,155.80,49.24,167.19,1,-1,-1,-1
375,885,421.42,16.64,217.99,446.31,1,-1,-1,-1
376,1015,28.71,72.94,139.74,323.74,1,-1,-1,-1
376,1007,223.55,166.88,53.38,151.76,1,-1,-1,-1
376,1002,275.59,157.96,49.65,164.24,1,-1,-1,-1
376,885,427.33,21.80,211.72,449.26,1,-1,-1,-1
377,1015,32.28,73.23,142.44,326.80,1,-1,-1,-1
377,1007,229.76,167.32,49.90,150.05,1,-1,-1,-1
377,1002,282.14,159.77,47.53,157.80,1,-1,-1,-1
377,885,430.06,34.77,204.48,445.00,1,-1,-1,-1
378,1021,-4.07,130.13,62.29,254.38,1,-1,-1,-1
378,1015,35.63,68.26,142.41,326.71,1,-1,-1,-1
378,1007,237.61,158.99,49.07,151.34,1,-1,-1,-1
378,1002,284.96,159.65,46.53,157.94,1,-1,-1,-1
378,885,433.85,83.39,178.40,422.85,1,-1,-1,-1
379,1021,-2.61,150.43,52.67,211.59,1,-1,-1,-1
379,1015,43.56,62.18,138.61,327.33,1,-1,-1,-1
379,1007,236.64,160.75,48.74,152.17,1,-1,-1,-1
379,1002,289.34,158.58,48.87,157.49,1,-1,-1,-1
379,885,458.92,91.12,159.62,410.95,1,-1,-1,-1
380,1022,444.83,193.12,41.85,96.54,1,-1,-1,-1
380,1015,40.79,62.30,137.14,329.98,1,-1,-1,-1
380,1007,234.14,162.13,49.12,149.81,1,-1,-1,-1
380,1002,295.44,161.35,48.85,155.78,1,-1,-1,-1
380,885,484.70,111.12,149.46,389.61,1,-1,-1,-1
381,1022,442.42,198.56,41.25,90.79,1,-1,-1,-1
381,1015,38.59,64.71,137.83,334.23,1,-1,-1,-1
381,1007,233.33,165.42,51.30,147.74,1,-1,-1,-1
381,1002,296.72,163.34,50.65,158.20,1,-1,-1,-1
381,885,508.29,118.68,136.34,376.47,1,-1,-1,-1
382,1024,520.14,156.73,57.11,178.71,1,-1,-1,-1
382,1022,440.85,196.63,43.02,87.29,1,-1,-1,-1
382,1015,38.60,72.20,136.76,333.82,1,-1,-1,-1
382,1007,236.12,166.60,55.64,147.39,1,-1,-1,-1
382,1002,296.20,157.36,49.63,161.84,1,-1,-1,-1
382,885,536.32,139.33,119.08,358.47,1,-1,-1,-1
383,1024,521.05,161.66,56.49,179.04,1,-1,-1,-1
383,1022,441.85,198.80,42.47,82.08,1,-1,-1,-1
383,1015,27.33,74.36,137.52,333.64,1,-1,-1,-1
383,1007,238.71,170.65,54.49,148.62,1,-1,-1,-1
383,1002,296.75,160.86,48.69,160.60,1,-1,-1,-1
384,1024,519.72,154.29,63.16,186.44,1,-1,-1,-1
384,1022,437.69,199.90,39.70,79.00,1,-1,-1,-1
384,1015,9.42,71.39,136.29,333.00,1,-1,-1,-1
384,1007,238.07,167.78,54.49,149.98,1,-1,-1,-1
384,1002,289.96,162.74,51.52,160.02,1,-1,-1,-1
385,1024,520.58,148.26,63.27,186.50,1,-1,-1,-1
385,1022,435.93,200.13,38.53,77.23,1,-1,-1,-1
385,1015,2.17,64.60,135.06,337.27,1,-1,-1,-1
385,1007,238.24,167.37,54.09,147.05,1,-1,-1,-1
385,1002,291.12,161.03,52.13,161.06,1,-1,-1,-1
386,1024,524.18,143.51,64.28,194.00,1,-1,-1,-1
386,1022,431.51,200.72,39.96,77.22,1,-1,-1,-1
386,1015,-1.89,67.47,132.28,342.22,1,-1,-1,-1
386,1007,240.38,165.49,51.76,145.99,1,-1,-1,-1
386,1002,294.70,152.75,48.95,164.91,1,-1,-1,-1
387,1024,524.27,142.23,66.76,201.72,1,-1,-1,-1
387,1022,423.49,195.99,42.68,78.80,1,-1,-1,-1
387,1015,-7.20,63.63,124.97,346.20,1,-1,-1,-1
387,1007,236.83,163.13,52.93,147.81,1,-1,-1,-1
387,1002,293.35,151.35,49.95,167.58,1,-1,-1,-1
388,1024,519.41,135.88,75.76,220.19,1,-1,-1,-1
388,1022,422.07,196.92,40.71,78.14,1,-1,-1,-1
388,1015,-7.44,61.74,120.33,351.30,1,-1,-1,-1
388,1007,234.44,163.51,52.33,146.73,1,-1,-1,-1
388,1002,290.36,154.93,47.38,163.96,1,-1,-1,-1
389,1024,524.53,134.17,77.89,228.91,1,-1,-1,-1
389,1022,412.39,199.62,41.88,77.46,1,-1,-1,-1
389,1015,-7.00,59.81,116.27,352.12,1,-1,-1,-1
389,1007,231.24,170.92,52.28,147.06,1,-1,-1,-1
389,1002,289.05,164.71,45.36,163.26,1,-1,-1,-1
390,1024,522.07,125.43,82.94,248.32,1,-1,-1,-1
390,1022,403.54,199.66,40.24,77.04,1,-1,-1,-1
390,1015,-7.74,62.03,110.71,348.07,1,-1,-1,-1
390,1007,225.43,171.81,53.27,146.36,1,-1,-1,-1
390,1002,281.73,167.56,46.92,159.40,1,-1,-1,-1
391,1024,518.23,111.66,88.65,261.94,1,-1,-1,-1
391,1022,393.67,193.75,39.28,78.99,1,-1,-1,-1
391,1015,-12.74,66.72,97.94,349.62,1,-1,-1,-1
391,1007,221.19,168.04,51.17,146.23,1,-1,-1,-1
391,1002,273.39,164.95,47.62,158.35,1,-1,-1,-1
392,1024,512.94,102.24,93.23,274.63,1,-1,-1,-1
392,1022,388.05,195.83,38.41,78.55,1,-1,-1,-1
392,1015,-12.61,78.84,88.16,346.25,1,-1,-1,-1
392,1007,216.69,166.53,49.74,149.61,1,-1,-1,-1
392,1002,265.58,164.34,47.61,163.37,1,-1,-1,-1
393,1024,512.67,103.94,99.39,296.91,1,-1,-1,-1
393,1022,380.75,200.50,37.90,79.19,1,-1,-1,-1
393,1015,-11.68,74.62,79.80,352.67,1,-1,-1,-1
393,1007,211.65,166.47,49.53,150.66,1,-1,-1,-1
393,1002,264.13,165.82,48.40,162.71,1,-1,-1,-1
394,1024,509.40,96.45,106.73,318.13,1,-1,-1,-1
394,1022,382.97,198.47,36.64,78.91,1,-1,-1,-1
394,1015,-10.20,55.32,76.30,308.76,1,-1,-1,-1
394,1007,212.29,171.05,49.05,151.39,1,-1,-1,-1
394,1002,263.46,161.54,50.04,163.92,1,-1,-1,-1
395,1024,508.86,86.77,114.25,335.43,1,-1,-1,-1
395,1022,379.10,200.07,35.54,77.50,1,-1,-1,-1
395,1007,205.63,169.85,49.17,148.34,1,-1,-1,-1
395,1002,258.06,159.25,48.85,163.80,1,-1,-1,-1
396,1024,503.44,86.21,125.00,355.56,1,-1,-1,-1
396,1022,374.39,202.40,35.96,76.69,1,-1,-1,-1
396,1007,202.99,170.19,50.41,146.51,1,-1,-1,-1
396,1002,255.15,158.08,50.74,162.60,1,-1,-1,-1
397,1024,503.85,78.92,130.33,378.36,1,-1,-1,-1
397,1022,368.30,202.31,34.41,76.54,1,-1,-1,-1
397,1007,204.60,173.18,51.46,146.49,1,-1,-1,-1
397,1002,252.23,162.12,51.34,158.89,1,-1,-1,-1
398,1024,512.88,70.99,128.87,394.75,1,-1,-1,-1
398,1022,363.48,199.70,34.63,77.04,1,-1,-1,-1
398,1007,200.90,179.07,50.57,145.82,1,-1,-1,-1
398,1002,251.64,165.23,50.18,158.26,1,-1,-1,-1
399,1024,524.07,59.85,123.00,409.17,1,-1,-1,-1
399,1022,365.30,198.74,35.07,76.50,1,-1,-1,-1
399,1007,205.15,174.94,48.16,144.80,1,-1,-1,-1
399,1002,250.25,162.82,48.70,161.38,1,-1,-1,-1
400,1024,532.79,53.33,116.39,419.64,1,-1,-1,-1
400,1022,362.08,198.45,36.40,78.31,1,-1,-1,-1
400,1007,204.12,168.47,48.87,147.63,1,-1,-1,-1
400,1002,248.45,157.36,49.79,162.92,1,-1,-1,-1
401,1024,541.76,36.60,108.61,406.62,1,-1,-1,-1
401,1022,355.92,201.19,35.75,75.09,1,-1,-1,-1
401,1007,201.27,170.11,50.37,146.34,1,-1,-1,-1
401,1002,247.47,154.41,48.51,164.75,1,-1,-1,-1
402,1024,551.78,35.27,99.72,417.33,1,-1,-1,-1
402,1022,353.08,197.50,34.63,75.55,1,-1,-1,-1
402,1007,198.94,168.71,51.97,148.14,1,-1,-1,-1
402,1002,248.44,156.04,45.85,162.05,1,-1,-1,-1
403,1007,197.79,169.08,51.36,151.16,1,-1,-1,-1
403,1002,245.94,156.24,45.62,163.85,1,-1,-1,-1
404,1007,198.37,172.49,50.35,149.29,1,-1,-1,-1
404,1002,246.60,160.83,47.27,159.70,1,-1,-1,-1
405,1007,198.07,168.74,50.22,144.98,1,-1,-1,-1
405,1002,248.30,159.24,47.07,162.32,1,-1,-1,-1
406,1022,345.77,199.63,36.42,75.45,1,-1,-1,-1
406,1007,197.56,169.69,49.18,142.36,1,-1,-1,-1
406,1002,251.33,158.80,47.03,161.45,1,-1,-1,-1
407,1022,344.14,198.77,37.81,78.84,1,-1,-1,-1
407,1007,194.76,168.05,49.20,139.14,1,-1,-1,-1
407,1002,252.13,157.72,46.05,159.09,1,-1,-1,-1
408,1022,342.84,196.48,38.92,80.78,1,-1,-1,-1
408,1007,195.94,163.92,47.64,139.80,1,-1,-1,-1
408,1002,255.46,155.80,44.41,156.94,1,-1,-1,-1
409,1022,342.35,190.96,36.60,76.85,1,-1,-1,-1
409,1007,194.83,166.36,46.43,140.31,1,-1,-1,-1
409,1002,254.79,155.11,44.59,154.60,1,-1,-1,-1
410,1022,338.14,188.61,36.96,76.67,1,-1,-1,-1
410,1007,191.44,163.84,46.27,138.30,1,-1,-1,-1
410,1002,252.57,154.02,45.42,153.37,1,-1,-1,-1
411,1022,333.68,187.21,34.91,72.76,1,-1,-1,-1
411,1007,189.40,163.02,47.52,135.50,1,-1,-1,-1
411,1002,245.60,156.07,47.38,152.87,1,-1,-1,-1
412,1022,328.07,191.78,34.87,71.64,1,-1,-1,-1
412,1007,185.97,162.45,47.10,135.79,1,-1,-1,-1
412,1002,240.27,156.84,47.20,151.83,1,-1,-1,-1
413,1007,184.41,160.85,46.62,137.35,1,-1,-1,-1
413,1002,238.45,156.68,47.18,152.82,1,-1,-1,-1
414,1007,181.06,163.50,45.74,139.67,1,-1,-1,-1
414,1002,235.87,158.29,46.03,150.37,1,-1,-1,-1
415,1007,177.25,162.77,46.23,141.38,1,-1,-1,-1
415,1002,228.55,157.91,48.14,149.50,1,-1,-1,-1
416,1022,305.92,194.88,33.35,66.17,1,-1,-1,-1
416,1007,171.60,162.07,46.60,144.25,1,-1,-1,-1
416,1002,222.96,155.16,46.49,152.36,1,-1,-1,-1
417,1031,547.72,99.73,93.91,323.76,1,-1,-1,-1
417,1022,302.86,198.28,32.53,65.40,1,-1,-1,-1
417,1007,167.15,167.54,46.40,143.54,1,-1,-1,-1
417,1002,218.63,163.83,46.05,150.30,1,-1,-1,-1
418,1031,537.64,57.04,103.49,371.07,1,-1,-1,-1
418,1022,300.19,199.22,31.84,67.11,1,-1,-1,-1
418,1007,165.95,164.23,47.36,146.21,1,-1,-1,-1
418,1002,214.64,163.69,47.40,147.47,1,-1,-1,-1
419,1031,530.95,28.90,109.80,402.63,1,-1,-1,-1
419,1022,294.97,196.81,31.74,66.90,1,-1,-1,-1
419,1007,165.75,167.16,47.78,142.42,1,-1,-1,-1
419,1002,216.36,164.56,44.49,146.42,1,-1,-1,-1
420,1031,513.13,13.05,123.49,431.93,1,-1,-1,-1
420,1022,289.29,194.26,33.27,70.67,1,-1,-1,-1
420,1007,163.37,166.85,48.27,140.32,1,-1,-1,-1
420,1002,212.63,162.44,43.92,144.29,1,-1,-1,-1
421,1031,490.44,0.35,141.00,429.68,1,-1,-1,-1
421,1022,281.10,192.31,33.59,71.17,1,-1,-1,-1
421,1007,157.48,167.88,47.93,137.19,1,-1,-1,-1
421,1002,206.20,162.33,45.21,141.77,1,-1,-1,-1
422,1031,479.57,4.54,149.66,425.01,1,-1,-1,-1
422,1022,280.26,196.34,32.59,68.75,1,-1,-1,-1
422,1007,149.59,167.45,48.10,136.47,1,-1,-1,-1
422,1002,206.11,160.78,43.82,140.65,1,-1,-1,-1
423,1031,461.72,8.13,160.85,428.62,1,-1,-1,-1
423,1022,272.15,191.35,31.54,67.90,1,-1,-1,-1
423,1007,148.15,161.00,46.91,140.16,1,-1,-1,-1
423,1002,199.73,155.04,43.83,142.67,1,-1,-1,-1
424,1031,447.25,11.87,178.76,439.96,1,-1,-1,-1
424,1022,266.75,190.16,31.06,65.67,1,-1,-1,-1
424,1007,144.83,162.11,44.63,139.29,1,-1,-1,-1
424,1002,190.45,155.67,43.75,143.87,1,-1,-1,-1
425,1031,432.94,21.00,172.72,427.63,1,-1,-1,-1
425,1022,260.00,191.62,30.53,64.17,1,-1,-1,-1
425,1007,141.16,160.08,42.45,136.58,1,-1,-1,-1
425,1002,187.67,157.02,43.45,142.57,1,-1,-1,-1
426,1031,423.91,22.83,170.51,419.84,1,-1,-1,-1
426,1022,253.34,188.87,30.77,63.07,1,-1,-1,-1
426,1007,135.09,157.64,43.60,135.48,1,-1,-1,-1
426,1002,184.78,155.44,42.81,140.43,1,-1,-1,-1
427,1031,418.15,29.76,163.45,407.38,1,-1,-1,-1
427,1022,247.10,189.01,30.10,62.89,1,-1,-1,-1
427,1007,131.19,159.24,44.03,135.85,1,-1,-1,-1
427,1002,182.01,152.37,41.15,139.13,1,-1,-1,-1
428,1031,404.72,30.71,154.26,399.62,1,-1,-1,-1
428,1022,241.87,186.89,30.59,63.69,1,-1,-1,-1
428,1007,126.03,155.48,45.21,135.81,1,-1,-1,-1
428,1002,176.97,148.20,41.37,139.23,1,-1,-1,-1
429,1031,387.50,30.85,143.69,397.21,1,-1,-1,-1
429,1022,234.95,190.14,29.86,63.15,1,-1,-1,-1
429,1007,120.48,156.89,45.47,134.35,1,-1,-1,-1
429,1002,173.06,149.37,39.83,136.47,1,-1,-1,-1
430,1031,374.10,34.19,137.43,388.72,1,-1,-1,-1
430,1022,230.18,190.27,30.34,63.47,1,-1,-1,-1
430,1007,113.50,156.68,47.87,131.49,1,-1,-1,-1
430,1002,166.49,150.01,41.80,135.93,1,-1,-1,-1
431,1036,479.71,-33.72,146.86,506.39,1,-1,-1,-1
431,1031,367.82,38.54,133.61,383.06,1,-1,-1,-1
431,1022,225.37,190.17,29.67,62.67,1,-1,-1,-1
431,1007,111.59,151.69,48.32,131.06,1,-1,-1,-1
431,1002,161.68,149.47,41.91,135.48,1,-1,-1,-1
432,1036,439.64,-35.01,182.71,537.25,1,-1,-1,-1
432,1031,348.82,41.53,126.64,367.64,1,-1,-1,-1
432,1022,219.06,187.56,30.61,62.94,1,-1,-1,-1
432,1007,107.77,153.49,48.38,130.52,1,-1,-1,-1
432,1002,161.32,154.09,40.56,131.78,1,-1,-1,-1
433,1036,400.46,-29.19,208.09,540.17,1,-1,-1,-1
433,1031,344.34,41.43,123.49,359.09,1,-1,-1,-1
433,1022,216.41,188.58,31.55,64.07,1,-1,-1,-1
433,1007,105.78,150.62,48.56,130.21,1,-1,-1,-1
433,1002,159.93,155.46,39.86,130.54,1,-1,-1,-1
434,1036,347.89,-21.63,223.30,524.93,1,-1,-1,-1
434,1031,323.48,40.11,117.26,352.46,1,-1,-1,-1
434,1022,211.45,185.02,31.24,63.13,1,-1,-1,-1
434,1007,98.34,154.03,49.44,127.50,1,-1,-1,-1
434,1002,154.69,155.58,39.53,131.62,1,-1,-1,-1
435,1036,313.46,-20.13,225.90,512.50,1,-1,-1,-1
435,1022,208.67,185.69,29.46,63.80,1,-1,-1,-1
435,1007,93.76,155.44,50.33,128.09,1,-1,-1,-1
435,1002,152.17,151.02,40.85,133.27,1,-1,-1,-1
436,1036,281.31,-9.78,226.19,505.92,1,-1,-1,-1
436,1022,206.95,185.05,28.49,63.31,1,-1,-1,-1
436,1007,86.42,155.79,49.97,126.87,1,-1,-1,-1
436,1002,149.11,142.56,42.21,135.53,1,-1,-1,-1
437,1036,253.35,-8.09,232.14,503.35,1,-1,-1,-1
437,1022,200.92,181.53,30.09,63.19,1,-1,-1,-1
437,1007,83.21,154.27,49.72,126.03,1,-1,-1,-1
437,1002,146.19,144.35,42.70,136.59,1,-1,-1,-1
438,1036,213.10,-11.24,237.17,501.98,1,-1,-1,-1
438,1022,196.31,178.38,29.33,63.72,1,-1,-1,-1
438,1007,85.54,152.14,45.81,125.89,1,-1,-1,-1
438,1002,145.50,142.25,41.03,135.89,1,-1,-1,-1
439,1036,169.16,-13.37,249.13,504.44,1,-1,-1,-1
439,1007,84.68,151.37,44.25,124.38,1,-1,-1,-1
439,1002,141.97,142.52,42.13,137.39,1,-1,-1,-1
440,1036,107.83,-16.66,273.42,504.10,1,-1,-1,-1
440,1007,83.50,147.12,43.05,119.31,1,-1,-1,-1
441,1043,535.97,54.78,94.73,353.58,1,-1,-1,-1
441,1036,41.52,-12.45,294.25,493.17,1,-1,-1,-1
442,1043,531.34,71.95,96.93,343.67,1,-1,-1,-1
442,1036,-4.49,-13.02,290.74,491.00,1,-1,-1,-1
443,1045,328.07,126.97,54.02,133.27,1,-1,-1,-1
443,1044,267.48,71.30,113.46,289.02,1,-1,-1,-1
443,1043,521.56,66.65,101.88,337.85,1,-1,-1,-1
443,1036,-24.12,-11.85,277.01,488.05,1,-1,-1,-1
444,1044,255.47,70.15,116.02,307.23,1,-1,-1,-1
444,1043,516.01,67.92,106.58,342.83,1,-1,-1,-1
444,1036,-39.97,-10.77,248.31,471.20,1,-1,-1,-1
445,1044,252.49,67.04,115.21,313.35,1,-1,-1,-1
445,1043,503.64,64.97,122.31,346.84,1,-1,-1,-1
445,1036,-48.44,-7.23,214.43,450.33,1,-1,-1,-1
446,1044,249.03,62.91,112.64,317.07,1,-1,-1,-1
446,1043,491.23,61.22,135.23,354.63,1,-1,-1,-1
447,1047,147.91,156.87,43.25,124.34,1,-1,-1,-1
447,1046,194.43,191.30,26.88,62.66,1,-1,-1,-1
447,1044,247.21,61.15,109.84,321.63,1,-1,-1,-1
447,1043,488.10,69.14,138.07,354.91,1,-1,-1,-1
448,1048,337.83,135.65,76.64,204.07,1,-1,-1,-1
448,1047,146.61,155.44,39.86,119.27,1,-1,-1,-1
448,1046,190.13,184.79,29.58,70.19,1,-1,-1,-1
448,1044,239.44,56.64,113.56,326.03,1,-1,-1,-1
448,1043,479.96,73.16,137.04,348.21,1,-1,-1,-1
449,1051,571.39,83.55,63.74,286.01,1,-1,-1,-1
449,1050,106.78,153.89,41.53,119.05,1,-1,-1,-1
449,1048,340.11,144.64,70.77,189.81,1,-1,-1,-1
449,1047,148.78,156.49,37.15,118.13,1,-1,-1,-1
449,1046,194.93,182.16,27.42,69.61,1,-1,-1,-1
449,1044,236.70,60.41,112.35,326.46,1,-1,-1,-1
449,1043,475.44,73.24,130.80,344.28,1,-1,-1,-1
449,1036,-29.62,28.46,143.37,435.04,1,-1,-1,-1
450,1051,569.50,80.49,64.87,271.22,1,-1,-1,-1
450,1050,115.50,158.69,41.92,119.76,1,-1,-1,-1
450,1048,335.60,176.07,62.97,157.04,1,-1,-1,-1
450,1047,157.29,156.50,35.21,118.58,1,-1,-1,-1
450,1046,200.78,183.55,25.45,67.72,1,-1,-1,-1
450,1044,235.68,63.65,112.27,328.69,1,-1,-1,-1
450,1043,471.72,70.31,128.71,338.04,1,-1,-1,-1
450,1036,-21.64,22.98,137.36,440.88,1,-1,-1,-1
451,1051,562.65,75.65,73.38,302.28,1,-1,-1,-1
451,1050,127.58,162.51,40.58,118.15,1,-1,-1,-1
451,1047,164.62,158.32,34.73,118.48,1,-1,-1,-1
451,1046,210.16,185.13,24.59,68.97,1,-1,-1,-1
451,1044,237.83,64.90,109.81,323.71,1,-1,-1,-1
451,1043,466.52,75.88,128.50,332.57,1,-1,-1,-1
451,1036,-13.47,14.15,136.74,448.37,1,-1,-1,-1
452,1050,133.22,161.05,40.41,119.28,1,-1,-1,-1
452,1047,171.95,156.27,35.87,122.07,1,-1,-1,-1
452,1044,241.51,63.20,108.09,320.02,1,-1,-1,-1
452,1043,468.54,74.38,131.78,329.17,1,-1,-1,-1
452,1036,-8.54,15.30,138.60,447.16,1,-1,-1,-1
453,1052,362.61,150.11,69.18,141.35,1,-1,-1,-1
453,1050,137.89,157.62,40.02,116.62,1,-1,-1,-1
453,1047,181.28,156.10,36.08,117.67,1,-1,-1,-1
453,1044,247.08,60.77,106.07,318.06,1,-1,-1,-1
453,1043,474.45,76.42,132.83,330.03,1,-1,-1,-1
453,1036,-6.77,10.98,139.77,455.44,1,-1,-1,-1
454,1053,588.59,91.72,38.86,158.79,1,-1,-1,-1
454,1052,366.24,161.75,72.78,152.10,1,-1,-1,-1
454,1050,148.88,160.98,38.38,113.79,1,-1,-1,-1
454,1047,189.69,162.56,35.57,118.93,1,-1,-1,-1
454,1044,251.14,63.45,106.16,318.14,1,-1,-1,-1
454,1043,481.83,78.54,129.90,329.86,1,-1,-1,-1
454,1036,2.71,13.69,145.00,459.49,1,-1,-1,-1
455,1053,589.52,99.22,36.77,165.92,1,-1,-1,-1
455,1052,375.62,160.92,69.45,158.89,1,-1,-1,-1
455,1050,159.98,156.74,37.41,114.12,1,-1,-1,-1
455,1047,204.00,160.96,33.60,116.76,1,-1,-1,-1
455,1044,257.04,68.54,107.24,320.60,1,-1,-1,-1
455,1043,489.08,78.56,129.79,326.69,1,-1,-1,-1
455,1036,10.28,6.29,154.56,465.54,1,-1,-1,-1
456,1053,593.20,112.30,42.10,195.16,1,-1,-1,-1
456,1052,382.69,164.02,66.49,157.82,1,-1,-1,-1
456,1050,166.89,157.10,38.80,111.27,1,-1,-1,-1
456,1047,210.80,158.33,34.77,118.00,1,-1,-1,-1
456,1044,264.24,61.35,111.62,313.91,1,-1,-1,-1
456,1043,490.22,75.39,126.15,329.91,1,-1,-1,-1
456,1036,15.29,12.90,163.34,465.51,1,-1,-1,-1
457,1053,599.66,118.29,40.60,205.23,1,-1,-1,-1
457,1052,386.35,146.68,63.29,152.43,1,-1,-1,-1
457,1050,169.90,153.28,40.36,117.29,1,-1,-1,-1
457,1047,216.40,161.54,33.54,117.52,1,-1,-1,-1
457,1044,272.16,78.67,111.29,316.15,1,-1,-1,-1
457,1043,492.33,81.72,124.74,327.84,1,-1,-1,-1
457,1036,18.19,12.05,172.69,467.88,1,-1,-1,-1
458,1055,611.09,87.25,28.44,67.01,1,-1,-1,-1
458,1053,603.62,133.45,38.32,206.03,1,-1,-1,-1
458,1052,395.67,140.02,57.08,144.24,1,-1,-1,-1
458,1047,222.53,155.91,34.30,117.69,1,-1,-1,-1
458,1044,281.78,77.21,112.15,322.95,1,-1,-1,-1
458,1043,492.57,83.77,127.31,331.43,1,-1,-1,-1
458,1036,23.57,13.53,174.85,467.63,1,-1,-1,-1
459,1052,403.03,146.51,55.02,145.89,1,-1,-1,-1
459,1047,230.43,160.93,33.34,119.17,1,-1,-1,-1
459,1044,287.84,80.41,111.35,321.71,1,-1,-1,-1
459,1043,490.45,83.76,131.60,334.61,1,-1,-1,-1
459,1036,31.48,16.09,179.80,466.41,1,-1,-1,-1
460,1052,404.28,149.90,58.32,162.70,1,-1,-1,-1
460,1047,235.05,159.99,34.66,120.99,1,-1,-1,-1
460,1044,291.11,78.30,114.31,325.18,1,-1,-1,-1
460,1043,490.09,87.21,132.56,342.16,1,-1,-1,-1
460,1036,43.94,7.62,180.45,471.14,1,-1,-1,-1
461,1052,408.96,164.15,61.51,165.02,1,-1,-1,-1
461,1047,241.77,161.18,33.31,117.14,1,-1,-1,-1
461,1044,285.66,68.80,116.61,328.34,1,-1,-1,-1
461,1043,494.29,83.29,126.34,336.20,1,-1,-1,-1
461,1036,52.46,11.69,179.33,469.07,1,-1,-1,-1
462,1052,400.49,177.42,72.17,162.49,1,-1,-1,-1
462,1047,246.02,154.80,33.62,121.93,1,-1,-1,-1
462,1044,286.54,67.06,117.70,331.83,1,-1,-1,-1
462,1043,499.89,76.12,119.56,333.26,1,-1,-1,-1
462,1036,57.71,11.04,178.99,464.56,1,-1,-1,-1
463,1052,400.74,187.05,67.21,160.53,1,-1,-1,-1
463,1044,284.42,64.68,119.68,338.88,1,-1,-1,-1
463,1043,498.21,80.64,121.28,336.08,1,-1,-1,-1
463,1036,67.55,13.21,179.57,465.35,1,-1,-1,-1
464,1052,406.55,158.30,60.17,155.60,1,-1,-1,-1
464,1044,277.49,60.47,118.89,334.96,1,-1,-1,-1
464,1043,486.97,83.30,122.11,337.30,1,-1,-1,-1
464,1036,60.18,13.78,178.64,465.88,1,-1,-1,-1
465,1060,246.97,147.10,33.11,132.28,1,-1,-1,-1
465,1052,406.46,139.62,58.80,136.40,1,-1,-1,-1
465,1044,278.22,60.34,116.93,334.37,1,-1,-1,-1
465,1043,479.25,90.28,120.46,336.64,1,-1,-1,-1
465,1036,60.86,-0.70,175.96,453.08,1,-1,-1,-1
466,1060,243.69,151.50,33.56,127.38,1,-1,-1,-1
466,1052,410.04,131.15,55.03,125.05,1,-1,-1,-1
466,1044,274.67,61.68,116.22,336.52,1,-1,-1,-1
466,1043,475.30,90.12,119.66,336.35,1,-1,-1,-1
466,1036,56.12,-6.23,177.63,435.55,1,-1,-1,-1
467,1060,242.95,155.57,36.00,127.93,1,-1,-1,-1
467,1052,413.71,133.61,51.29,118.21,1,-1,-1,-1
467,1044,271.80,64.06,114.31,333.99,1,-1,-1,-1
467,1043,473.89,82.30,116.93,339.37,1,-1,-1,-1
467,1036,55.38,-10.23,179.50,419.02,1,-1,-1,-1
468,1060,249.69,145.08,38.51,132.40,1,-1,-1,-1
468,1044,266.97,60.49,114.57,334.77,1,-1,-1,-1
468,1043,465.70,82.64,115.10,338.57,1,-1,-1,-1
468,1036,60.12,5.15,189.38,438.34,1,-1,-1,-1
469,1065,399.15,162.41,50.74,145.61,1,-1,-1,-1
469,1044,264.88,57.86,115.65,339.29,1,-1,-1,-1
469,1043,464.02,76.18,112.58,340.68,1,-1,-1,-1
469,1036,64.92,8.26,189.45,449.26,1,-1,-1,-1
470,1044,260.99,51.19,115.65,344.82,1,-1,-1,-1
470,1043,459.69,77.45,113.78,341.27,1,-1,-1,-1
470,1036,59.61,9.40,193.55,457.95,1,-1,-1,-1
471,1066,562.47,63.93,75.98,342.11,1,-1,-1,-1
471,1044,266.01,48.19,116.21,344.87,1,-1,-1,-1
471,1043,462.76,78.96,110.44,338.66,1,-1,-1,-1
471,1036,53.04,12.85,191.19,461.01,1,-1,-1,-1
472,1066,565.27,62.02,74.31,335.89,1,-1,-1,-1
472,1044,269.68,44.55,116.35,343.63,1,-1,-1,-1
472,1043,454.36,83.29,110.89,337.15,1,-1,-1,-1
472,1036,55.29,30.84,194.99,452.83,1,-1,-1,-1
473,1066,569.41,64.24,71.51,336.62,1,-1,-1,-1
473,1044,273.84,47.61,116.57,348.15,1,-1,-1,-1
473,1043,450.49,71.45,110.19,345.91,1,-1,-1,-1
473,1036,50.00,32.64,204.40,451.21,1,-1,-1,-1
474,1066,564.66,59.67,73.37,338.15,1,-1,-1,-1
474,1044,278.15,46.07,115.84,353.43,1,-1,-1,-1
474,1043,435.19,71.00,110.34,339.47,1,-1,-1,-1
474,1036,50.20,36.38,211.65,448.24,1,-1,-1,-1
475,1066,562.00,62.15,75.58,333.69,1,-1,-1,-1
475,1044,283.48,49.67,115.89,356.58,1,-1,-1,-1
475,1043,444.15,64.83,110.78,333.17,1,-1,-1,-1
475,1036,70.47,18.01,212.03,456.83,1,-1,-1,-1
476,1066,559.70,58.55,77.86,334.47,1,-1,-1,-1
476,1044,286.25,52.49,114.44,361.59,1,-1,-1,-1
476,1043,446.30,68.16,115.28,321.22,1,-1,-1,-1
476,1036,71.92,10.25,215.62,462.85,1,-1,-1,-1
477,1066,560.27,62.39,78.05,327.43,1,-1,-1,-1
477,1044,284.48,52.60,116.93,365.10,1,-1,-1,-1
477,1043,438.57,80.49,120.70,324.40,1,-1,-1,-1
477,1036,73.97,6.92,215.82,462.09,1,-1,-1,-1
478,1066,555.39,68.14,81.51,322.69,1,-1,-1,-1
478,1044,280.21,47.32,117.80,371.84,1,-1,-1,-1
478,1043,435.64,85.18,121.67,326.54,1,-1,-1,-1
478,1036,78.59,3.06,216.24,465.27,1,-1,-1,-1
479,1066,546.62,60.65,88.59,338.07,1,-1,-1,-1
479,1044,281.01,42.96,117.12,368.20,1,-1,-1,-1
479,1043,431.00,85.44,122.12,324.81,1,-1,-1,-1
479,1036,74.10,8.81,217.07,464.46,1,-1,-1,-1
480,1066,542.60,62.14,92.59,336.54,1,-1,-1,-1
480,1044,277.74,45.93,115.15,366.11,1,-1,-1,-1
480,1043,424.78,89.15,122.90,320.83,1,-1,-1,-1
480,1036,78.38,3.44,221.27,467.52,1,-1,-1,-1
481,1066,537.70,62.76,97.55,339.15,1,-1,-1,-1
481,1044,268.24,44.54,115.92,372.32,1,-1,-1,-1
481,1043,424.88,82.76,121.55,325.30,1,-1,-1,-1
481,1036,79.21,11.66,224.11,459.02,1,-1,-1,-1
482,1066,529.63,67.70,104.61,346.69,1,-1,-1,-1
482,1044,264.81,45.74,114.13,376.10,1,-1,-1,-1
482,1043,416.61,82.99,119.24,328.96,1,-1,-1,-1
482,1036,63.16,17.82,224.75,451.69,1,-1,-1,-1
483,1066,520.92,78.65,109.40,346.14,1,-1,-1,-1
483,1044,257.50,49.11,110.68,376.25,1,-1,-1,-1
483,1043,408.08,84.30,115.75,330.83,1,-1,-1,-1
483,1036,62.56,34.56,230.71,446.04,1,-1,-1,-1
484,1066,511.38,63.37,113.68,358.48,1,-1,-1,-1
484,1044,254.59,55.59,106.61,369.76,1,-1,-1,-1
484,1043,404.48,94.03,115.25,328.93,1,-1,-1,-1
484,1036,64.90,24.02,235.02,451.00,1,-1,-1,-1
485,1066,508.73,71.50,110.90,352.54,1,-1,-1,-1
485,1044,246.95,62.97,105.03,374.67,1,-1,-1,-1
485,1043,395.89,87.34,111.57,331.48,1,-1,-1,-1
485,1036,51.08,22.28,236.41,454.54,1,-1,-1,-1
486,1066,501.72,69.90,108.34,346.95,1,-1,-1,-1
486,1044,241.09,54.39,103.32,373.70,1,-1,-1,-1
486,1043,387.52,84.90,110.48,334.20,1,-1,-1,-1
486,1036,32.28,20.68,244.48,456.58,1,-1,-1,-1
487,1066,493.24,76.49,110.54,343.70,1,-1,-1,-1
487,1044,235.40,42.00,101.92,380.91,1,-1,-1,-1
487,1043,378.53,85.19,109.24,335.23,1,-1,-1,-1
487,1036,35.42,14.90,248.69,461.28,1,-1,-1,-1
488,1066,486.49,79.85,111.09,339.41,1,-1,-1,-1
488,1044,236.77,30.84,101.52,344.34,1,-1,-1,-1
488,1043,375.08,85.91,109.34,334.80,1,-1,-1,-1
488,1036,23.69,28.99,248.24,454.79,1,-1,-1,-1
489,1066,483.36,77.26,113.57,340.29,1,-1,-1,-1
489,1044,239.72,15.52,96.25,311.78,1,-1,-1,-1
489,1043,375.67,81.08,108.18,338.05,1,-1,-1,-1
489,1036,29.12,29.39,249.34,453.75,1,-1,-1,-1
490,1066,474.75,85.62,116.50,347.03,1,-1,-1,-1
490,1044,240.74,12.86,88.61,291.43,1,-1,-1,-1
490,1043,378.10,89.80,108.11,332.08,1,-1,-1,-1
490,1036,20.98,22.86,254.14,456.75,1,-1,-1,-1
491,1066,467.16,79.40,115.84,349.78,1,-1,-1,-1
491,1044,244.73,19.52,81.07,270.48,1,-1,-1,-1
491,1043,368.63,95.51,111.99,328.62,1,-1,-1,-1
491,1036,20.60,17.58,265.56,461.05,1,-1,-1,-1
492,1066,460.73,83.08,109.69,345.34,1,-1,-1,-1
492,1044,243.28,24.33,76.47,252.83,1,-1,-1,-1
492,1043,367.48,89.72,112.53,324.45,1,-1,-1,-1
492,1036,14.53,13.71,271.41,462.94,1,-1,-1,-1
493,1066,458.88,80.22,108.30,342.22,1,-1,-1,-1
493,1044,241.79,32.00,72.69,234.46,1,-1,-1,-1
493,1043,361.31,89.03,113.20,324.45,1,-1,-1,-1
493,1036,18.09,26.42,273.45,457.04,1,-1,-1,-1
494,1066,457.62,77.60,112.59,340.56,1,-1,-1,-1
494,1044,245.65,43.21,71.49,244.14,1,-1,-1,-1
494,1043,360.68,88.11,116.94,328.14,1,-1,-1,-1
494,1036,11.93,23.09,264.44,457.30,1,-1,-1,-1
495,1066,456.63,80.35,114.48,342.51,1,-1,-1,-1
495,1044,243.19,43.76,75.61,254.70,1,-1,-1,-1
495,1043,357.81,87.05,114.67,325.02,1,-1,-1,-1
495,1036,16.91,16.78,260.45,458.31,1,-1,-1,-1
496,1066,454.75,81.37,113.59,344.64,1,-1,-1,-1
496,1044,240.09,46.16,78.77,257.85,1,-1,-1,-1
496,1043,359.39,93.51,115.19,326.27,1,-1,-1,-1
496,1036,12.77,22.58,267.47,449.31,1,-1,-1,-1
497,1066,459.91,85.05,115.79,354.86,1,-1,-1,-1
497,1044,240.08,58.42,84.30,293.80,1,-1,-1,-1
497,1043,360.89,96.22,111.36,325.07,1,-1,-1,-1
497,1036,9.07,19.51,260.64,451.29,1,-1,-1,-1
498,1066,459.65,84.42,114.69,355.93,1,-1,-1,-1
498,1044,236.51,44.47,85.37,286.53,1,-1,-1,-1
498,1043,360.66,93.18,108.71,325.40,1,-1,-1,-1
498,1036,12.97,19.77,259.83,454.94,1,-1,-1,-1
499,1066,459.68,79.49,114.14,357.40,1,-1,-1,-1
499,1044,237.67,37.85,83.87,265.72,1,-1,-1,-1
499,1043,361.92,86.94,107.95,327.60,1,-1,-1,-1
499,1036,16.07,11.05,258.04,462.26,1,-1,-1,-1
500,1066,462.73,75.94,111.19,352.79,1,-1,-1,-1
500,1044,231.88,25.17,81.85,254.89,1,-1,-1,-1
500,1043,366.84,88.50,105.96,326.91,1,-1,-1,-1
500,1036,11.60,5.17,262.04,466.66,1,-1,-1,-1
501,1066,468.07,75.12,108.68,350.36,1,-1,-1,-1
501,1044,235.01,21.19,78.55,244.78,1,-1,-1,-1
501,1043,376.05,88.50,108.28,324.57,1,-1,-1,-1
501,1036,17.75,13.21,272.38,462.93,1,-1,-1,-1
502,1066,473.39,79.76,109.68,347.06,1,-1,-1,-1
502,1043,373.76,89.95,113.20,320.09,1,-1,-1,-1
502,1036,8.37,8.14,274.25,467.85,1,-1,-1,-1
503,1066,476.72,77.78,111.66,345.22,1,-1,-1,-1
503,1043,376.05,89.60,120.27,319.50,1,-1,-1,-1
503,1036,33.89,12.99,270.37,466.82,1,-1,-1,-1
504,1066,479.00,77.28,113.73,344.27,1,-1,-1,-1
504,1043,372.78,88.68,123.74,325.63,1,-1,-1,-1
504,1036,46.34,8.78,270.88,469.78,1,-1,-1,-1
505,1066,479.47,78.12,111.80,345.31,1,-1,-1,-1
505,1043,367.95,87.90,122.53,320.53,1,-1,-1,-1
505,1036,45.65,12.39,275.94,466.95,1,-1,-1,-1
506,1066,478.61,66.51,111.12,341.96,1,-1,-1,-1
506,1043,374.89,85.95,120.29,319.59,1,-1,-1,-1
506,1036,32.06,18.07,282.47,462.06,1,-1,-1,-1
507,1082,346.35,131.47,50.24,155.47,1,-1,-1,-1
507,1066,479.03,68.09,110.88,342.84,1,-1,-1,-1
507,1043,372.47,85.62,118.03,317.33,1,-1,-1,-1
507,1036,25.66,24.12,284.45,455.46,1,-1,-1,-1
508,1082,349.03,136.42,50.39,156.16,1,-1,-1,-1
508,1066,482.78,66.11,111.30,342.27,1,-1,-1,-1
508,1043,370.46,87.21,121.51,320.73,1,-1,-1,-1
508,1036,22.35,14.41,291.38,454.83,1,-1,-1,-1
509,1082,346.21,125.20,64.70,168.26,1,-1,-1,-1
509,1066,486.76,73.20,111.69,341.50,1,-1,-1,-1
509,1043,369.04,87.16,122.70,317.94,1,-1,-1,-1
509,1036,20.11,3.65,288.68,454.80,1,-1,-1,-1
510,1082,356.55,134.86,58.38,170.07,1,-1,-1,-1
510,1066,488.69,78.23,111.77,338.89,1,-1,-1,-1
510,1043,374.59,89.60,121.47,320.60,1,-1,-1,-1
510,1036,47.62,15.09,288.95,452.24,1,-1,-1,-1
511,1066,485.46,77.48,114.76,342.27,1,-1,-1,-1
511,1043,373.52,86.41,118.50,331.03,1,-1,-1,-1
511,1036,48.64,32.78,294.96,446.71,1,-1,-1,-1
512,1066,487.70,70.63,111.84,341.60,1,-1,-1,-1
512,1043,379.42,91.74,111.80,332.73,1,-1,-1,-1
512,1036,71.23,34.91,300.99,446.22,1,-1,-1,-1
513,1083,69.09,80.98,118.74,327.21,1,-1,-1,-1
513,1066,493.64,75.84,108.36,338.91,1,-1,-1,-1
513,1043,390.98,91.93,107.81,335.40,1,-1,-1,-1
513,1036,108.99,22.54,315.72,450.72,1,-1,-1,-1
514,1083,82.72,84.19,106.09,319.29,1,-1,-1,-1
514,1066,501.66,78.07,109.05,341.36,1,-1,-1,-1
514,1043,403.59,74.22,101.02,312.82,1,-1,-1,-1
514,1036,128.96,21.15,318.17,453.44,1,-1,-1,-1
515,1083,98.79,99.87,107.56,335.31,1,-1,-1,-1
515,1066,504.44,77.48,111.49,337.88,1,-1,-1,-1
515,1043,413.78,63.49,91.98,283.05,1,-1,-1,-1
515,1036,136.81,29.37,313.14,450.56,1,-1,-1,-1
516,1084,0.71,98.04,75.21,250.12,1,-1,-1,-1
516,1083,106.01,92.97,109.08,331.04,1,-1,-1,-1
516,1066,505.05,74.83,117.07,346.47,1,-1,-1,-1
516,1036,168.26,18.31,305.54,457.09,1,-1,-1,-1
517,1084,-3.37,81.32,72.16,266.39,1,-1,-1,-1
517,1083,114.23,92.54,107.96,319.79,1,-1,-1,-1
517,1066,508.39,89.60,118.29,345.93,1,-1,-1,-1
517,1036,185.11,7.82,294.00,459.97,1,-1,-1,-1
518,1083,125.04,89.95,106.18,308.88,1,-1,-1,-1
518,1066,509.77,87.68,117.40,352.03,1,-1,-1,-1
518,1036,185.43,5.90,308.24,454.67,1,-1,-1,-1
519,1083,127.64,88.02,100.83,305.97,1,-1,-1,-1
519,1036,214.27,16.00,318.26,451.89,1,-1,-1,-1
520,1083,124.79,80.31,98.42,299.19,1,-1,-1,-1
520,1036,240.50,14.48,321.45,457.80,1,-1,-1,-1
521,1085,191.30,35.09,139.30,425.90,1,-1,-1,-1
521,1083,127.54,77.08,99.24,308.04,1,-1,-1,-1
521,1036,286.08,5.87,313.56,460.29,1,-1,-1,-1
522,1085,194.14,25.88,144.33,443.35,1,-1,-1,-1
522,1083,126.23,81.25,106.24,313.72,1,-1,-1,-1
522,1036,313.29,2.86,300.13,460.74,1,-1,-1,-1
523,1085,192.79,14.40,147.00,451.70,1,-1,-1,-1
523,1083,125.32,84.72,97.60,276.15,1,-1,-1,-1
523,1036,327.64,4.10,288.86,465.77,1,-1,-1,-1
524,1085,189.59,4.64,157.39,446.94,1,-1,-1,-1
524,1083,130.19,97.90,92.54,272.72,1,-1,-1,-1
524,1036,340.57,12.61,284.16,461.56,1,-1,-1,-1
525,1085,193.01,9.49,158.20,439.29,1,-1,-1,-1
525,1083,134.01,97.36,95.21,270.34,1,-1,-1,-1
525,1036,358.48,8.58,276.41,466.00,1,-1,-1,-1
